"Subject" "Activity" "Time_Body_Acceleration_Mean_X" "Time_Body_Acceleration_Mean_Y" "Time_Body_Acceleration_Mean_Z" "Time_Body_Acceleration_Standard_Deviation_X" "Time_Body_Standard_Deviation_Y" "Time_Body_Standard_Deviation_Z"
2 "STANDING" 0.25717778 -0.02328523 -0.014653762 -0.938404 -0.92009078 -0.66768331
2 "STANDING" 0.28602671 -0.013163359 -0.11908252 -0.97541469 -0.9674579 -0.94495817
2 "STANDING" 0.27548482 -0.02605042 -0.11815167 -0.99381904 -0.96992551 -0.96274798
2 "STANDING" 0.27029822 -0.032613869 -0.11752018 -0.99474279 -0.97326761 -0.96709068
2 "STANDING" 0.27483295 -0.027847788 -0.12952716 -0.99385248 -0.96744548 -0.97829499
2 "STANDING" 0.27921995 -0.018620399 -0.11390197 -0.99445523 -0.97041688 -0.96531629
2 "STANDING" 0.27974586 -0.018271026 -0.10399988 -0.99581919 -0.97635361 -0.97772468
2 "STANDING" 0.27460055 -0.02503513 -0.11683085 -0.99559442 -0.98206892 -0.98526237
2 "STANDING" 0.27252874 -0.020954013 -0.11447249 -0.99678413 -0.97590627 -0.98659699
2 "STANDING" 0.2757457 -0.010371994 -0.09977589 -0.99837313 -0.98693291 -0.9910219
2 "STANDING" 0.27859589 -0.015231928 -0.098908415 -0.99878507 -0.98194306 -0.99137882
2 "STANDING" 0.27915178 -0.021879444 -0.10973077 -0.99778103 -0.99295121 -0.98568028
2 "STANDING" 0.27454383 -0.023145294 -0.1125396 -0.99620456 -0.9915728 -0.98751828
2 "STANDING" 0.26906631 -0.027685967 -0.11017794 -0.9968836 -0.9864395 -0.9884791
2 "STANDING" 0.27557925 -0.018936424 -0.097409776 -0.99606469 -0.96822549 -0.98069598
2 "STANDING" 0.28193083 -0.004880615 -0.086106145 -0.98907559 -0.95900626 -0.97302388
2 "STANDING" 0.31107792 -0.019430625 -0.10186634 -0.9366878 -0.84018585 -0.81682639
2 "STANDING" 0.26232825 -0.023257054 -0.12552494 -0.98456111 -0.91337982 -0.91267279
2 "STANDING" 0.28841575 -0.003485395 -0.083827858 -0.99457065 -0.97835984 -0.97994262
2 "STANDING" 0.27116593 -0.025972908 -0.094923481 -0.97012403 -0.90187818 -0.9652996
2 "STANDING" 0.25309467 -0.044192268 -0.13929762 -0.96892213 -0.9103836 -0.91886033
2 "STANDING" 0.27133883 -0.029954058 -0.11859533 -0.96093148 -0.90503507 -0.87126958
2 "STANDING" 0.29926682 0.011798517 -0.031653276 -0.94875426 -0.84418244 -0.88070536
2 "STANDING" 0.29389749 0.01115091 -0.069281198 -0.96241329 -0.86333992 -0.85995713
2 "STANDING" 0.27563911 -0.015565524 -0.1254582 -0.98916068 -0.96851562 -0.96872274
2 "STANDING" 0.27225459 -0.025051205 -0.13318432 -0.99115349 -0.96354868 -0.97316133
2 "STANDING" 0.27642711 -0.026277565 -0.12694133 -0.99298881 -0.96561954 -0.9657378
2 "STANDING" 0.28016952 -0.014362437 -0.10047145 -0.99359232 -0.9719031 -0.97793999
2 "STANDING" 0.27746102 -0.01584543 -0.10639347 -0.99502745 -0.97159341 -0.97872472
2 "STANDING" 0.28837469 -0.0085476599 -0.10705876 -0.99334035 -0.9619744 -0.98449309
2 "STANDING" 0.28590496 -0.0077447295 -0.10273652 -0.99188377 -0.96571091 -0.98415868
2 "SITTING" 0.29648714 -0.014684879 -0.13980848 -0.98771367 -0.83424238 -0.94105035
2 "SITTING" 0.27723542 -0.025677001 -0.11843072 -0.99639048 -0.95268767 -0.96541011
2 "SITTING" 0.2782907 -0.014536086 -0.10524253 -0.99678611 -0.98839324 -0.98950215
2 "SITTING" 0.27815992 -0.0076678258 -0.09927102 -0.99697493 -0.96211178 -0.987355
2 "SITTING" 0.27664638 -0.0049748937 -0.104754 -0.99726953 -0.96546147 -0.98114499
2 "SITTING" 0.27829493 -0.022664347 -0.11591945 -0.99724431 -0.96872118 -0.98613179
2 "SITTING" 0.27505303 -0.024059404 -0.10589705 -0.99525842 -0.97190867 -0.98360641
2 "SITTING" 0.27486428 -0.01561837 -0.097528302 -0.99623776 -0.98664644 -0.989707
2 "SITTING" 0.27871074 -0.016793927 -0.10524076 -0.99859653 -0.9906669 -0.98746213
2 "SITTING" 0.27822455 -0.016181738 -0.1075716 -0.99822604 -0.99043752 -0.98923957
2 "SITTING" 0.27625455 -0.016985093 -0.10885324 -0.99639413 -0.98567065 -0.98354536
2 "SITTING" 0.27574674 -0.015388072 -0.10505767 -0.99581447 -0.98247951 -0.9819142
2 "SITTING" 0.28028279 -0.019175262 -0.10932156 -0.99531257 -0.975241 -0.97892176
2 "SITTING" 0.28540286 0.002355779 -0.16984868 -0.95371281 -0.86194417 -0.78706775
2 "SITTING" 0.27047249 -0.0089373643 -0.095150167 -0.98563184 -0.91172769 -0.94366406
2 "SITTING" 0.28022445 -0.028037933 -0.12428498 -0.99664261 -0.9761271 -0.98747869
2 "SITTING" 0.27724091 -0.01767369 -0.12039377 -0.99512799 -0.9871038 -0.98904192
2 "SITTING" 0.27925474 -0.012044574 -0.11526539 -0.98482887 -0.96879944 -0.96316567
2 "SITTING" 0.27981772 -0.010396061 -0.11320248 -0.98493079 -0.95923068 -0.96438621
2 "SITTING" 0.27579491 -0.034804666 -0.10983325 -0.99417869 -0.92858508 -0.99348617
2 "SITTING" 0.27379132 -0.041945691 -0.10724671 -0.99483845 -0.94900945 -0.98929992
2 "SITTING" 0.27609539 -0.018046144 -0.11243656 -0.99592796 -0.96849709 -0.98746474
2 "SITTING" 0.27767523 -0.012379484 -0.10466656 -0.99824732 -0.98968847 -0.97817711
2 "SITTING" 0.27679437 -0.017846957 -0.099866917 -0.99683186 -0.98725167 -0.97461636
2 "LAYING" 0.17376905 -0.024869125 -0.094733441 -0.8938616 -0.94420408 -0.96082431
2 "LAYING" 0.3009048 -0.023610414 -0.096890735 -0.98681212 -0.974874 -0.9869338
2 "LAYING" 0.28567994 -0.021402652 -0.099788959 -0.98882456 -0.99010644 -0.99850164
2 "LAYING" 0.27205902 -0.021271356 -0.10063642 -0.99521892 -0.99197156 -0.99657104
2 "LAYING" 0.27631974 -0.017844672 -0.10385552 -0.99576459 -0.99564856 -0.9942946
2 "LAYING" 0.27869543 -0.017640511 -0.10511841 -0.99746842 -0.99845545 -0.99334269
2 "LAYING" 0.28026202 -0.018697516 -0.10968549 -0.99612342 -0.99807443 -0.99196657
2 "LAYING" 0.29238966 -0.014798532 -0.11487816 -0.99280911 -0.99112641 -0.99202521
2 "LAYING" 0.29089459 -0.012652477 -0.11315576 -0.98930153 -0.99094197 -0.99122081
2 "LAYING" 0.27191593 -0.019731212 -0.10278027 -0.99074021 -0.98734334 -0.99000242
2 "LAYING" 0.29301384 -0.01607838 -0.11018298 -0.98371207 -0.97530943 -0.98214793
2 "LAYING" 0.33999093 -0.039323711 -0.11380871 -0.8552877 -0.88627572 -0.91776601
2 "LAYING" 0.32773332 -0.012972104 -0.10934048 -0.91832647 -0.9739953 -0.96697887
2 "LAYING" 0.26238254 -0.020021626 -0.099674861 -0.96097213 -0.99090799 -0.98377812
2 "LAYING" 0.29490692 -0.017273605 -0.10855348 -0.97238323 -0.99040729 -0.99071755
2 "LAYING" 0.2673108 -0.017739291 -0.10418492 -0.97618683 -0.98801979 -0.99327413
2 "LAYING" 0.29493279 -0.018148994 -0.10870259 -0.97149269 -0.98887703 -0.99356016
2 "LAYING" 0.2843065 -0.017380345 -0.10824585 -0.97250517 -0.99019849 -0.98989676
2 "LAYING" 0.27747775 -0.017918468 -0.10552646 -0.97290191 -0.98988889 -0.98890697
2 "LAYING" 0.31454279 -0.015639484 -0.11205392 -0.97482366 -0.99079803 -0.99323782
2 "LAYING" 0.27616038 -0.018258159 -0.10492036 -0.97000881 -0.98965068 -0.9862869
2 "LAYING" 0.27628845 -0.020230299 -0.099639409 -0.9720728 -0.99289582 -0.98776726
2 "LAYING" 0.323685 -0.015714002 -0.11094539 -0.97812842 -0.99262693 -0.98885228
2 "LAYING" 0.27524826 -0.016467107 -0.11215011 -0.96345392 -0.99113223 -0.98983504
2 "WALKING" 0.20396243 -0.03234452 -0.096881229 -0.46550359 -0.18078545 -0.45510762
2 "WALKING" 0.24934321 -0.003410981 -0.056041574 -0.39947643 -0.13784483 -0.46127072
2 "WALKING" 0.32505052 -0.029803725 -0.077847175 -0.46511952 0.013452774 -0.36764586
2 "WALKING" 0.30880812 -0.022128064 -0.13210431 -0.51482627 0.032008875 -0.34900284
2 "WALKING" 0.26559921 -0.015936305 -0.12074953 -0.50094969 -0.16322961 -0.38942774
2 "WALKING" 0.18741915 -0.011533248 -0.10650963 -0.45085366 -0.19630865 -0.45986952
2 "WALKING" 0.28420274 0.013704674 -0.11395407 -0.4186222 -0.2075538 -0.48108057
2 "WALKING" 0.35782982 -0.013519015 -0.13127164 -0.45242107 -0.14979588 -0.4016534
2 "WALKING" 0.31870911 -0.037635508 -0.13241984 -0.4857706 -0.11708965 -0.37994246
2 "WALKING" 0.32008469 -0.010838647 -0.12170815 -0.50869464 -0.14424547 -0.42732416
2 "WALKING" 0.19317016 -0.010586551 -0.088769599 -0.45619042 -0.1118152 -0.42346766
2 "WALKING" 0.19471487 -0.020176701 -0.049544661 -0.43733437 -0.096034303 -0.33753382
2 "WALKING" 0.34969095 -0.030496088 -0.10829783 -0.43251962 -0.10645645 -0.33723803
2 "WALKING" 0.30870458 -0.024987159 -0.1238269 -0.40927888 -0.16756154 -0.43056196
2 "WALKING" 0.21102476 -0.00058166814 -0.096443768 -0.44507331 -0.20747868 -0.47564538
2 "WALKING" 0.29771925 -0.020939986 -0.11438786 -0.42328085 -0.1925867 -0.4015868
2 "WALKING" 0.33314426 -0.043446917 -0.12619938 -0.36324256 -0.096308953 -0.39038358
2 "WALKING" 0.22981714 -0.0026481752 -0.082070626 -0.36385083 -0.084507907 -0.4022629
2 "WALKING" 0.23748279 0.0021969913 -0.048945315 -0.41352818 -0.16717209 -0.41275989
2 "WALKING" 0.33150518 -0.036584496 -0.10886677 -0.4146128 -0.16049444 -0.4266315
2 "WALKING" 0.26663115 -0.043309471 -0.14096216 -0.43377813 -0.10164616 -0.41532479
2 "WALKING" 0.24042087 0.0010854188 -0.11888144 -0.4333206 -0.097815183 -0.39734057
2 "WALKING" 0.29112809 0.015567293 -0.10429218 -0.40452582 -0.13992573 -0.4314133
2 "WALKING" 0.35552927 -0.023789742 -0.12723972 -0.4094154 -0.16836145 -0.43723441
2 "WALKING" 0.28744253 -0.050273681 -0.13274829 -0.39217785 -0.12604296 -0.40340864
2 "WALKING" 0.1844141 -0.014817877 -0.089991964 -0.42249491 -0.14327744 -0.40279011
2 "WALKING" 0.25204831 -0.00060425372 -0.070452518 -0.47081672 -0.11866822 -0.38629262
2 "WALKING" 0.33806106 -0.0413713 -0.097384161 -0.42999883 -0.013674252 -0.39347137
2 "WALKING" 0.29030031 -0.044250443 -0.12549008 -0.42055075 0.015899795 -0.41892164
2 "WALKING" 0.26086953 -0.015550952 -0.12094838 -0.50433982 -0.062690202 -0.39407741
2 "WALKING_DOWNSTAIRS" 0.39276304 -0.059173884 -0.11092832 -0.14842192 0.048984289 -0.29634554
2 "WALKING_DOWNSTAIRS" 0.33322745 -0.024943465 -0.15891904 -0.10414406 -0.013973355 -0.32971411
2 "WALKING_DOWNSTAIRS" 0.31615359 0.0012773598 -0.06545266 -0.15163293 0.11628238 -0.15395808
2 "WALKING_DOWNSTAIRS" 0.15366105 -0.010077719 -0.043894838 -0.21427827 0.13220784 -0.19988114
2 "WALKING_DOWNSTAIRS" 0.071035289 -0.015656183 -0.094263452 -0.21342438 0.065906916 -0.37962343
2 "WALKING_DOWNSTAIRS" 0.33304231 -0.01019258 -0.1220055 -0.10011811 0.23427632 -0.27331152
2 "WALKING_DOWNSTAIRS" 0.27579996 0.0018368697 -0.13628781 -0.036102379 0.28484874 -0.14178035
2 "WALKING_DOWNSTAIRS" 0.27138623 -0.042483426 -0.12821114 -0.01717702 0.26485509 -0.088459272
2 "WALKING_DOWNSTAIRS" 0.42604818 -0.058615109 -0.1170689 -0.076835056 0.16652926 -0.13373134
2 "WALKING_DOWNSTAIRS" 0.2856233 -0.0060363793 -0.19809731 -0.099312158 0.080159134 -0.053770031
2 "WALKING_DOWNSTAIRS" 0.35480453 -0.018153403 -0.14403353 0.012124247 -0.051254866 0.065390916
2 "WALKING_DOWNSTAIRS" 0.39558207 -0.012193647 -0.14801867 0.010712878 0.21395446 0.17784791
2 "WALKING_DOWNSTAIRS" 0.22715659 -0.022146672 -0.14521449 -0.024746907 0.32776722 0.11079157
2 "WALKING_DOWNSTAIRS" 0.23483919 0.0081011057 -0.14108314 -0.030425133 0.19562069 0.044496762
2 "WALKING_DOWNSTAIRS" 0.23820197 -0.0026928807 -0.12149269 -0.09123551 0.20644423 0.10569119
2 "WALKING_DOWNSTAIRS" 0.27873663 -0.048279124 -0.12092488 0.068433966 0.23286592 0.094042914
2 "WALKING_DOWNSTAIRS" 0.26374279 -0.02958616 -0.050708835 0.15287341 0.27759556 0.089483516
2 "WALKING_DOWNSTAIRS" 0.30133385 -0.056094277 -0.078006249 0.27079913 0.2888186 0.3242698
2 "WALKING_DOWNSTAIRS" 0.28026398 0.0060423653 -0.12786457 0.011234724 -0.0032361043 0.23056643
2 "WALKING_DOWNSTAIRS" 0.24393099 -0.0040036613 -0.12267616 -0.092083866 0.010788982 0.1993878
2 "WALKING_DOWNSTAIRS" 0.28433754 0.013821312 -0.05753308 0.0047788809 0.28676481 0.18448192
2 "WALKING_DOWNSTAIRS" 0.41085939 -0.024854391 -0.14898719 0.13488536 0.31788374 0.30342152
2 "WALKING_DOWNSTAIRS" 0.17766532 -0.070310559 -0.13630828 0.082236325 0.077127135 0.33199765
2 "WALKING_DOWNSTAIRS" 0.20574701 -0.00517762 -0.10548391 0.012328176 0.2032938 0.23702576
2 "WALKING_UPSTAIRS" 0.25186651 -0.030378942 -0.3516297 -0.34424039 0.083311586 -0.01247212
2 "WALKING_UPSTAIRS" 0.20906379 -0.049359552 -0.31450384 -0.33864847 0.13448364 -0.23126938
2 "WALKING_UPSTAIRS" 0.23655703 -0.0061942794 -0.13948292 -0.37894793 0.028987642 -0.29959604
2 "WALKING_UPSTAIRS" 0.24274255 0.0099775927 -0.093386183 -0.41578092 0.061759904 -0.23807668
2 "WALKING_UPSTAIRS" 0.28158555 -0.0075743135 -0.1747021 -0.34370447 0.11026753 -0.080621938
2 "WALKING_UPSTAIRS" 0.18214828 -0.010646974 -0.16894574 -0.39173633 0.04238252 -0.23028972
2 "WALKING_UPSTAIRS" 0.1821957 -0.0016884658 -0.089805031 -0.38969662 0.019942316 -0.32360231
2 "WALKING_UPSTAIRS" 0.31178044 0.013873623 -0.21470991 -0.28883702 0.024940442 -0.012087503
2 "WALKING_UPSTAIRS" 0.25615464 0.03261012 -0.22862313 -0.3637984 -0.0014922736 -0.0060593818
2 "WALKING_UPSTAIRS" 0.078156973 -0.027612708 -0.34615379 -0.37372745 0.096341876 0.14316589
2 "WALKING_UPSTAIRS" 0.17991522 0.040285843 -0.39925032 -0.32453994 0.040201843 0.2286178
2 "WALKING_UPSTAIRS" 0.28509055 -0.011054655 -0.17546042 -0.33608887 0.0077869281 -0.0060929828
2 "WALKING_UPSTAIRS" 0.28495022 -0.017809348 -0.10353921 -0.39399176 0.069258649 -0.06076504
2 "WALKING_UPSTAIRS" 0.1982599 -0.0072360841 -0.11697537 -0.35821234 0.19934459 0.027980756
2 "WALKING_UPSTAIRS" 0.25100692 0.027292221 -0.15904398 -0.31226485 0.27158876 0.063229519
2 "WALKING_UPSTAIRS" 0.26889811 0.027477206 -0.13197884 -0.32589321 0.13326769 0.095709279
2 "WALKING_UPSTAIRS" 0.14838783 -0.036547994 -0.11049098 -0.33005118 -0.028480261 0.1506074
2 "WALKING_UPSTAIRS" 0.073728786 -0.14822575 -0.24110951 -0.35922813 0.17063542 0.139023
2 "WALKING_UPSTAIRS" 0.28020794 -0.01113497 -0.179611 -0.37135565 0.011871275 0.164084
2 "WALKING_UPSTAIRS" 0.27452047 -0.0078204354 -0.12915842 -0.41658802 0.12844834 0.056056762
2 "WALKING_UPSTAIRS" 0.24402748 -0.0043812777 -0.13437813 -0.43838096 0.18083787 0.079635381
2 "WALKING_UPSTAIRS" 0.2858303 -0.0046677341 -0.15274602 -0.43339946 0.0097299042 0.12086668
2 "WALKING_UPSTAIRS" 0.23646561 -0.036365249 -0.11386168 -0.43200142 0.068415294 0.18134568
2 "WALKING_UPSTAIRS" 0.2388571 -0.022813178 -0.023382587 -0.36521137 0.12196469 0.27942746
2 "WALKING_UPSTAIRS" 0.29475553 -0.062461304 -0.098216739 -0.34754129 0.086078712 0.26997875
2 "STANDING" 0.21881237 -0.055128494 -0.015740984 -0.95067454 -0.87637081 -0.63729162
2 "STANDING" 0.28767511 -0.030786823 -0.17259261 -0.97634977 -0.92261331 -0.96504533
2 "STANDING" 0.28732862 -0.030313825 -0.16753742 -0.99202894 -0.97321502 -0.97159625
2 "STANDING" 0.27273142 -0.028275581 -0.12707511 -0.99619281 -0.965002 -0.93402533
2 "STANDING" 0.2758409 -0.018403826 -0.10282253 -0.9946609 -0.98033928 -0.96721807
2 "STANDING" 0.27860714 -0.010041872 -0.088410143 -0.99380749 -0.97494691 -0.95814189
2 "STANDING" 0.27627058 -0.0072991585 -0.080292541 -0.99431265 -0.97201406 -0.96850889
2 "STANDING" 0.27848792 -0.012224534 -0.10117153 -0.9958216 -0.97692291 -0.98269928
2 "STANDING" 0.28021898 -0.014917572 -0.1086301 -0.99552895 -0.98355855 -0.9844364
2 "STANDING" 0.27811098 -0.020942513 -0.11285638 -0.99622105 -0.97286048 -0.98063794
2 "STANDING" 0.27143024 -0.026177026 -0.11524626 -0.99541288 -0.96520529 -0.98418621
2 "STANDING" 0.33014802 0.01898283 -0.042531252 -0.96189692 -0.84714153 -0.76381978
2 "STANDING" 0.27746452 -0.022945736 -0.14505044 -0.99433963 -0.97146178 -0.96585224
2 "STANDING" 0.27972876 -0.017344364 -0.11825506 -0.99676417 -0.97934994 -0.96910035
2 "STANDING" 0.27941259 -0.016093153 -0.10220436 -0.99606562 -0.976673 -0.98581712
2 "STANDING" 0.27740299 -0.017215318 -0.11354467 -0.99630802 -0.98218741 -0.97675191
2 "STANDING" 0.27792121 -0.016941868 -0.11987997 -0.99561711 -0.99112821 -0.98615063
2 "STANDING" 0.27704497 -0.016760148 -0.10919185 -0.99460151 -0.98911169 -0.98694538
2 "STANDING" 0.27295758 -0.022500824 -0.11037456 -0.99511927 -0.98170391 -0.98735559
2 "STANDING" 0.27204575 -0.024955862 -0.11448034 -0.99619785 -0.98272334 -0.99315137
2 "STANDING" 0.28245689 -0.014282925 -0.1134339 -0.99395377 -0.97202717 -0.98746639
2 "STANDING" 0.28722297 -0.010646634 -0.10792908 -0.99489028 -0.97992244 -0.99024845
2 "STANDING" 0.27655316 -0.014799101 -0.099806746 -0.98975103 -0.98237581 -0.9876677
2 "SITTING" 0.23981797 0.082443951 -0.040169582 -0.96500075 -0.74251416 -0.85626318
2 "SITTING" 0.23157481 0.029387192 -0.055042118 -0.97481563 -0.92695162 -0.9439297
2 "SITTING" 0.27074746 -0.0043332488 -0.090021685 -0.99327972 -0.94832144 -0.96578248
2 "SITTING" 0.27160041 -0.01596493 -0.10063981 -0.99600179 -0.98166416 -0.98539091
2 "SITTING" 0.2689962 -0.012391548 -0.096838815 -0.98656392 -0.96612485 -0.97227076
2 "SITTING" 0.27479909 -0.012039553 -0.10255632 -0.9851568 -0.96483383 -0.96680303
2 "SITTING" 0.27879967 -0.015633084 -0.10664773 -0.99522762 -0.98640358 -0.98324472
2 "SITTING" 0.27524573 -0.017001233 -0.10770697 -0.99719717 -0.99363656 -0.99338903
2 "SITTING" 0.27566806 -0.016603733 -0.1049066 -0.99724272 -0.99208412 -0.99162089
2 "SITTING" 0.26569797 -0.016850926 -0.090479419 -0.99320662 -0.98930232 -0.98027412
2 "SITTING" 0.27097605 -0.01515646 -0.096123623 -0.99029455 -0.98081101 -0.97094113
2 "SITTING" 0.41364162 -0.15839475 -0.34597805 -0.78056903 -0.44184541 -0.52804492
2 "SITTING" 0.24841948 -0.019568651 -0.10836772 -0.96931199 -0.97177848 -0.94114466
2 "SITTING" 0.28431213 -0.015594273 -0.085976937 -0.98846181 -0.98078326 -0.96851273
2 "SITTING" 0.26632973 -0.014018832 -0.078509357 -0.99018337 -0.97841238 -0.97099752
2 "SITTING" 0.26902515 -0.013122593 -0.089644011 -0.99335359 -0.98151471 -0.9727412
2 "SITTING" 0.27804665 -0.013597299 -0.11000054 -0.99484415 -0.98299801 -0.98010769
2 "SITTING" 0.27542397 -0.0049399286 -0.096703863 -0.99506975 -0.97825164 -0.97139511
2 "SITTING" 0.27933873 -0.0073438173 -0.10514613 -0.99521536 -0.97273765 -0.96572771
2 "SITTING" 0.2820615 -0.013704805 -0.1175365 -0.99508865 -0.97834338 -0.98418217
2 "SITTING" 0.27327371 -0.013628537 -0.096298527 -0.99478128 -0.97434286 -0.98426555
2 "SITTING" 0.27540653 -0.019426969 -0.10365438 -0.99384045 -0.97611848 -0.97222727
2 "LAYING" 0.28764759 -0.0031577634 -0.15519093 -0.79285254 -0.84482351 -0.89140893
2 "LAYING" 0.28981652 -0.023625983 -0.093806191 -0.92725632 -0.96563601 -0.98474872
2 "LAYING" 0.23247724 -0.015840013 -0.099607104 -0.97695785 -0.9821179 -0.9819417
2 "LAYING" 0.28001074 -0.01504451 -0.1141546 -0.99017048 -0.99027362 -0.99195138
2 "LAYING" 0.2889269 -0.016270962 -0.11194758 -0.99421314 -0.9871611 -0.99061852
2 "LAYING" 0.27077035 -0.018885449 -0.10409015 -0.99026492 -0.99026611 -0.98960692
2 "LAYING" 0.25720873 -0.018170348 -0.10424073 -0.99202965 -0.98721587 -0.98887631
2 "LAYING" 0.26881216 -0.017686334 -0.10637874 -0.98801337 -0.98596639 -0.98922153
2 "LAYING" 0.28168951 -0.018017943 -0.10599026 -0.99259049 -0.99319086 -0.99335994
2 "LAYING" 0.29122454 -0.01583904 -0.1083148 -0.99464614 -0.99409257 -0.99604528
2 "LAYING" 0.28651908 -0.016332634 -0.1114194 -0.99149305 -0.99286456 -0.99731072
2 "LAYING" 0.25854868 -0.032957509 -0.07983694 -0.94612869 -0.884968 -0.91949304
2 "LAYING" 0.3038402 -0.017496054 -0.10323135 -0.98043123 -0.98687005 -0.97166776
2 "LAYING" 0.30362162 -0.017156999 -0.11169795 -0.989636 -0.99121537 -0.98918225
2 "LAYING" 0.28786223 -0.017068863 -0.10900066 -0.98901427 -0.98326049 -0.98435571
2 "LAYING" 0.28312886 -0.017412761 -0.10856193 -0.98842964 -0.98258274 -0.98740959
2 "LAYING" 0.28062969 -0.018454053 -0.10638058 -0.99440876 -0.99089174 -0.99608438
2 "LAYING" 0.27683403 -0.016036583 -0.10727545 -0.99532353 -0.99029197 -0.9977026
2 "LAYING" 0.27066724 -0.018234096 -0.11050619 -0.99670766 -0.98976573 -0.99406919
2 "LAYING" 0.27326045 -0.016496129 -0.11469471 -0.99533994 -0.98679299 -0.99077296
2 "LAYING" 0.27398753 -0.013808599 -0.11041744 -0.99447498 -0.99109977 -0.99084267
2 "LAYING" 0.27585859 -0.018573541 -0.10381581 -0.99602478 -0.99096003 -0.99313073
2 "LAYING" 0.27714817 -0.017613671 -0.10740418 -0.99596232 -0.98768288 -0.99154784
2 "LAYING" 0.27456229 -0.015755629 -0.11037294 -0.99330427 -0.98959502 -0.99316069
2 "WALKING" 0.24860491 -0.086163379 -0.073014829 -0.43416615 -0.12988366 -0.4329782
2 "WALKING" 0.21690075 -0.0062597255 -0.077891466 -0.32513204 -0.02063043 -0.41039819
2 "WALKING" 0.26222243 -0.015316616 -0.09583238 -0.31253066 -0.061459617 -0.41735183
2 "WALKING" 0.29659805 -0.026108897 -0.11375324 -0.41755998 -0.075472987 -0.44463027
2 "WALKING" 0.24016527 0.014778169 -0.11018469 -0.50627382 -0.052029869 -0.50066472
2 "WALKING" 0.31286994 -0.014139669 -0.11615801 -0.46798539 -0.024151227 -0.43375705
2 "WALKING" 0.31649338 -0.042248362 -0.1126406 -0.41759891 -0.06248534 -0.45661563
2 "WALKING" 0.20894174 -0.020536706 -0.083943782 -0.41093743 -0.073156601 -0.47309144
2 "WALKING" 0.27124829 -0.0060117091 -0.066718752 -0.41948145 -0.07802861 -0.42619094
2 "WALKING" 0.35341932 -0.024866761 -0.11141914 -0.41765829 0.018542557 -0.43868063
2 "WALKING" 0.22839376 -0.021200162 -0.1595219 -0.39908415 0.041624178 -0.48379359
2 "WALKING" 0.21535112 0.0069834544 -0.1267625 -0.43499879 -0.048988406 -0.52915651
2 "WALKING" 0.32555586 -0.011187423 -0.10089524 -0.47932102 -0.075096011 -0.46552384
2 "WALKING" 0.36545296 -0.01988365 -0.10279395 -0.50276407 -0.086491221 -0.48043053
2 "WALKING" 0.26780915 -0.013846287 -0.11797861 -0.53137083 -0.15530582 -0.5497369
2 "WALKING" 0.34002771 -0.026012234 -0.10422698 -0.33994629 -0.050435927 -0.42483158
2 "WALKING" 0.26426913 -0.011202192 -0.097405036 -0.27861549 0.0029942796 -0.36890397
2 "WALKING" 0.26580166 -0.016486852 -0.076607139 -0.31922125 0.1519259 -0.38750359
2 "WALKING" 0.25477841 -0.033032031 -0.12829512 -0.42849513 0.08339962 -0.42148961
2 "WALKING" 0.22294492 0.0096186354 -0.10969656 -0.46737588 -0.078816974 -0.41749335
2 "WALKING" 0.37962251 -0.0066834563 -0.11093909 -0.3834332 -0.040210963 -0.42062588
2 "WALKING" 0.27911103 -0.033291612 -0.10127494 -0.36759549 -0.053007026 -0.45386546
2 "WALKING" 0.26173982 -0.016742272 -0.075360889 -0.36750192 0.020333389 -0.42403582
2 "WALKING" 0.32915435 -0.034418332 -0.11507647 -0.34374163 0.20141405 -0.35522821
2 "WALKING" 0.19549619 -0.016377097 -0.126381 -0.39787462 0.12278313 -0.38202201
2 "WALKING" 0.24387 0.011466552 -0.11389069 -0.41168594 -0.079688488 -0.44213968
2 "WALKING" 0.32955877 -0.029189921 -0.12136232 -0.40457761 -0.092869066 -0.40769029
2 "WALKING" 0.28806864 -0.032201474 -0.11596739 -0.41516428 -0.12535529 -0.44465141
2 "WALKING" 0.24987037 -0.0075291689 -0.093297657 -0.45026744 -0.18882776 -0.50604157
2 "WALKING_DOWNSTAIRS" 0.31930656 -0.010016849 -0.16410108 0.056146545 0.11692947 -0.10045256
2 "WALKING_DOWNSTAIRS" 0.12592012 -0.027658255 -0.050069386 0.082014241 0.10996979 -0.19943931
2 "WALKING_DOWNSTAIRS" 0.29997571 -0.01160794 -0.13608717 -0.029025935 0.26128485 -0.34148743
2 "WALKING_DOWNSTAIRS" 0.26012783 -0.020200821 -0.13129646 0.044786931 0.40654642 -0.28924983
2 "WALKING_DOWNSTAIRS" 0.2871613 -0.010106916 -0.13231092 0.10070214 0.32940045 -0.26974863
2 "WALKING_DOWNSTAIRS" 0.32958399 0.0067191725 -0.14774302 -0.070238777 0.2532446 -0.42640418
2 "WALKING_DOWNSTAIRS" 0.25184336 -0.052219039 -0.12966482 0.04492527 0.48745602 -0.28131226
2 "WALKING_DOWNSTAIRS" 0.24829116 -0.060992823 -0.17012592 0.11929412 0.54443217 -0.23620315
2 "WALKING_DOWNSTAIRS" 0.26160863 -0.073315382 -0.073890189 0.2810409 0.21253007 -0.20870854
2 "WALKING_DOWNSTAIRS" 0.29960665 -0.014975152 -0.061362489 0.21981346 0.47568259 -0.2172238
2 "WALKING_DOWNSTAIRS" 0.25953975 0.0055178016 -0.15296364 0.16531205 0.63909693 -0.17602301
2 "WALKING_DOWNSTAIRS" 0.25308441 -0.03528093 -0.12458994 0.20763066 0.4630398 -0.12024472
2 "WALKING_DOWNSTAIRS" 0.26156636 -0.020792241 -0.14153329 0.17825491 0.31440066 -0.14392017
2 "WALKING_DOWNSTAIRS" 0.31001933 -0.055972223 -0.1350257 0.23975032 0.53542469 -0.15651512
2 "WALKING_DOWNSTAIRS" 0.19842455 -0.027514258 -0.047398754 0.21555717 0.52487387 -0.28440682
2 "WALKING_DOWNSTAIRS" 0.22867274 -0.045504377 -0.11212662 0.07412592 0.3110676 -0.23155211
2 "WALKING_DOWNSTAIRS" 0.4228405 -0.0098579907 -0.067457385 0.12019302 0.1802615 -0.23202017
2 "WALKING_DOWNSTAIRS" 0.28711862 -0.020052061 -0.15325673 0.056756664 0.28842074 -0.12653314
2 "WALKING_DOWNSTAIRS" 0.10222138 -0.04865811 -0.11641174 0.057574891 0.25851461 -0.086082294
2 "WALKING_DOWNSTAIRS" 0.21485672 -0.0085199829 -0.038548925 0.11340387 0.28739576 -0.2398572
2 "WALKING_DOWNSTAIRS" 0.46767458 -0.015139256 -0.13220819 0.17085966 0.49315736 -0.23183358
2 "WALKING_DOWNSTAIRS" 0.30835585 0.015060179 -0.1260511 0.20335468 0.49144346 -0.29267446
2 "WALKING_DOWNSTAIRS" 0.29417901 -0.034406963 -0.12252018 0.16653192 0.40635988 -0.38981004
2 "WALKING_UPSTAIRS" 0.20731083 -0.19305262 -0.16045556 -0.18105698 0.28218244 -0.27985045
2 "WALKING_UPSTAIRS" 0.36261593 -0.072425218 -0.12119007 -0.15993783 0.26532817 -0.27782284
2 "WALKING_UPSTAIRS" 0.27816503 0.027962971 -0.080086674 -0.22932584 0.08322636 -0.28421622
2 "WALKING_UPSTAIRS" 0.2563942 -0.012968956 -0.11188381 -0.30518992 0.16031136 -0.21018974
2 "WALKING_UPSTAIRS" 0.24683451 -0.043831863 -0.14154702 -0.30416299 0.088253945 -0.29132365
2 "WALKING_UPSTAIRS" 0.29819093 -0.023188147 -0.10758915 -0.31600362 0.035834731 -0.20863051
2 "WALKING_UPSTAIRS" 0.26963228 -0.037614803 -0.11446394 -0.32331396 0.059220291 -0.18569834
2 "WALKING_UPSTAIRS" 0.19648111 0.0058967997 -0.12903397 -0.27504671 0.010169834 -0.33423347
2 "WALKING_UPSTAIRS" 0.19518889 -0.074923063 -0.31908182 -0.25650006 0.096200945 -0.15861631
2 "WALKING_UPSTAIRS" 0.24200036 -0.051685995 -0.11614944 -0.16118568 0.22450243 -0.23498287
2 "WALKING_UPSTAIRS" 0.31856167 -0.027020624 -0.081685509 -0.21655876 0.15751279 -0.19709838
2 "WALKING_UPSTAIRS" 0.28637788 -0.037529434 -0.087672085 -0.25449919 0.12420105 -0.23013936
2 "WALKING_UPSTAIRS" 0.26149147 -0.040122792 -0.071103801 -0.21119359 0.20905632 -0.26283948
2 "WALKING_UPSTAIRS" 0.25438287 0.0093508548 -0.13722003 -0.27870642 0.20081859 -0.26719413
2 "WALKING_UPSTAIRS" 0.22326915 -0.00014139722 -0.15908758 -0.24432867 0.17895418 -0.26474286
2 "WALKING_UPSTAIRS" 0.21223054 0.0029777676 -0.10370011 -0.19232523 0.13034124 -0.32966384
2 "WALKING_UPSTAIRS" 0.37772556 -0.043437113 -0.33051333 -0.13039627 0.077981657 -0.20028106
2 "WALKING_UPSTAIRS" 0.36081239 -0.03391096 -0.13858928 -0.14096891 0.15719895 -0.2547758
2 "WALKING_UPSTAIRS" 0.25631314 -0.016422148 -0.058532753 -0.24729536 0.19431162 -0.29606005
2 "WALKING_UPSTAIRS" 0.26294232 0.0074128076 -0.091331896 -0.20435168 0.20494034 -0.21908744
2 "WALKING_UPSTAIRS" 0.27685853 0.011056542 -0.12722914 -0.2775426 0.094575476 -0.2390091
2 "WALKING_UPSTAIRS" 0.24514236 -0.015805672 -0.081850253 -0.28343969 0.053557687 -0.31639359
2 "WALKING_UPSTAIRS" 0.19783456 -0.015901763 -0.059524406 -0.2428711 0.024754142 -0.33775479
4 "STANDING" 0.19918776 0.036583027 0.31935782 -0.890794 -0.55587806 -0.31448388
4 "STANDING" 0.28638505 -0.083568838 -0.1466763 -0.93686913 -0.79904835 -0.65161807
4 "STANDING" 0.30882643 -0.036619566 -0.19515573 -0.96172407 -0.76101949 -0.84485271
4 "STANDING" 0.25756859 0.020305323 -0.050276102 -0.97951639 -0.94433844 -0.85169801
4 "STANDING" 0.25955873 0.0046596569 -0.057737157 -0.97346218 -0.8993411 -0.84504381
4 "STANDING" 0.28314011 -0.021003469 -0.12570109 -0.97671014 -0.87622401 -0.91608973
4 "STANDING" 0.26517313 -0.010026893 -0.077670207 -0.97925348 -0.85062506 -0.90277905
4 "STANDING" 0.27008378 0.0048569578 -0.083685376 -0.98423332 -0.89361565 -0.9074923
4 "STANDING" 0.28273831 -0.017324312 -0.11666218 -0.99315596 -0.95105602 -0.95929147
4 "STANDING" 0.28113989 -0.024462626 -0.11935491 -0.9959613 -0.97285606 -0.97417088
4 "STANDING" 0.28014898 -0.023329188 -0.11789258 -0.9952524 -0.98073792 -0.96974843
4 "STANDING" 0.2817674 -0.025205551 -0.11867533 -0.99405734 -0.98128101 -0.95300502
4 "STANDING" 0.2842585 -0.021144586 -0.12213853 -0.99498651 -0.96543222 -0.95556302
4 "STANDING" 0.28260885 -0.01808229 -0.12286608 -0.99428651 -0.96604286 -0.95375514
4 "STANDING" 0.27944946 -0.018085928 -0.12039583 -0.99312078 -0.98188427 -0.94528278
4 "STANDING" 0.26896048 -0.022184652 -0.097454173 -0.98735138 -0.96307094 -0.94018343
4 "STANDING" 0.33525867 0.075461569 -0.11818184 -0.95064252 -0.51889915 -0.76859864
4 "STANDING" 0.27186857 -0.036372612 -0.14550653 -0.99555037 -0.94895385 -0.9252767
4 "STANDING" 0.28200991 -0.032682629 -0.11706991 -0.99555614 -0.95453827 -0.96872161
4 "STANDING" 0.27568858 -0.030012935 -0.10448052 -0.99381486 -0.96528295 -0.95308001
4 "STANDING" 0.26911817 -0.02580678 -0.080175463 -0.99471142 -0.95441178 -0.96724759
4 "STANDING" 0.2734611 -0.018551272 -0.086201283 -0.99254592 -0.92605965 -0.96799826
4 "STANDING" 0.27321225 -0.0096402541 -0.10077378 -0.99064479 -0.92226753 -0.96832069
4 "STANDING" 0.27596953 -0.03030971 -0.12078182 -0.98904403 -0.9031061 -0.96940559
4 "STANDING" 0.27963328 -0.030560045 -0.11603058 -0.99032615 -0.91097448 -0.97578245
4 "STANDING" 0.27581383 -0.013010156 -0.095351023 -0.9928605 -0.95495518 -0.97460962
4 "STANDING" 0.27380433 -0.012208646 -0.097438815 -0.9900134 -0.94624269 -0.96838369
4 "STANDING" 0.30611912 -0.007766932 -0.23988195 -0.95861906 -0.81417766 -0.73136791
4 "SITTING" 0.19014289 0.055032093 -0.083097959 -0.92510663 -0.66513585 -0.92014772
4 "SITTING" 0.28846121 -0.023680076 -0.11782591 -0.98864014 -0.97719818 -0.97851675
4 "SITTING" 0.28155688 -0.014095673 -0.11981253 -0.99218446 -0.98562107 -0.96270668
4 "SITTING" 0.27685643 -0.012799337 -0.12062537 -0.99483651 -0.98999456 -0.95862505
4 "SITTING" 0.2770617 -0.01402073 -0.10862886 -0.99433225 -0.98836617 -0.96074753
4 "SITTING" 0.27513101 -0.012226581 -0.11489357 -0.99423159 -0.98157424 -0.96857259
4 "SITTING" 0.27728983 -0.0099312438 -0.13118279 -0.99323003 -0.98208294 -0.97582839
4 "SITTING" 0.28017578 -0.010445598 -0.13672229 -0.9936161 -0.98686101 -0.96525944
4 "SITTING" 0.27581403 -0.013128433 -0.11278809 -0.99507288 -0.98848601 -0.95590734
4 "SITTING" 0.27255474 -0.014617518 -0.10001367 -0.99632569 -0.98943693 -0.97051084
4 "SITTING" 0.27805019 -0.016252849 -0.11157826 -0.99587429 -0.98829264 -0.96274823
4 "SITTING" 0.28852873 -0.018765023 -0.11224819 -0.98538516 -0.96857265 -0.95961245
4 "SITTING" 0.28055394 0.028599996 -0.1199178 -0.98065938 -0.86950106 -0.89127279
4 "SITTING" 0.27796689 0.0002353859 -0.11846288 -0.98893382 -0.97404745 -0.96105877
4 "SITTING" 0.27539409 -0.011431425 -0.10301292 -0.98186164 -0.90098996 -0.95361792
4 "SITTING" 0.27175681 -0.0079864375 -0.089787018 -0.98096357 -0.8870607 -0.9581619
4 "SITTING" 0.27410952 -0.005364989 -0.097327377 -0.98628452 -0.93262007 -0.97404069
4 "SITTING" 0.27799739 -0.01328597 -0.10531014 -0.98856711 -0.95622029 -0.97657956
4 "SITTING" 0.28118107 -0.012872911 -0.12324029 -0.99262556 -0.96934488 -0.96790157
4 "SITTING" 0.28084628 -0.021385093 -0.12184916 -0.99303159 -0.97775098 -0.96727994
4 "SITTING" 0.26870402 -0.012186752 -0.080325892 -0.98597362 -0.92252014 -0.95804171
4 "SITTING" 0.26830284 0.010543407 -0.077656995 -0.9854011 -0.92350041 -0.95659092
4 "SITTING" 0.27751716 -0.0040593567 -0.10567324 -0.99232003 -0.92605696 -0.97150497
4 "SITTING" 0.27872577 -0.028978167 -0.11540244 -0.99246229 -0.92777302 -0.95862366
4 "LAYING" 0.051028466 0.0065653695 -0.11217226 -0.60869833 -0.6509741 -0.83342996
4 "LAYING" 0.30861379 -0.036677174 -0.098717165 -0.9004622 -0.85074357 -0.90754457
4 "LAYING" 0.23647975 -0.013171324 -0.10348975 -0.97498219 -0.97694278 -0.9772233
4 "LAYING" 0.28035575 -0.015589391 -0.11261838 -0.98826717 -0.98465067 -0.98495238
4 "LAYING" 0.27731664 -0.017055974 -0.10852111 -0.98708113 -0.98940806 -0.98765162
4 "LAYING" 0.2771087 -0.017248532 -0.10945889 -0.98777197 -0.98748971 -0.98560161
4 "LAYING" 0.27732543 -0.018180619 -0.10913779 -0.98689399 -0.98904206 -0.98318818
4 "LAYING" 0.27748275 -0.017005809 -0.10810812 -0.98781387 -0.99029762 -0.98355164
4 "LAYING" 0.27506732 -0.015686386 -0.10681963 -0.98803921 -0.99039855 -0.98186155
4 "LAYING" 0.27642809 -0.01662193 -0.10918132 -0.98844841 -0.98805442 -0.9834039
4 "LAYING" 0.27806382 -0.018812708 -0.11079742 -0.98930665 -0.9898741 -0.98292054
4 "LAYING" 0.27674706 -0.017204143 -0.10735884 -0.98920328 -0.98770934 -0.98419976
4 "LAYING" 0.28585883 -0.014763411 -0.11128499 -0.98752765 -0.99060142 -0.98311075
4 "LAYING" 0.2733935 -0.017214987 -0.10848624 -0.98756152 -0.99218888 -0.98611059
4 "LAYING" 0.28029271 -0.015953791 -0.11146182 -0.98873968 -0.98962934 -0.99226467
4 "LAYING" 0.28978779 -0.014542375 -0.11965153 -0.97407475 -0.95280275 -0.95909921
4 "LAYING" 0.32779551 -0.015229268 -0.18408658 -0.79129964 -0.64188054 -0.76963961
4 "LAYING" 0.36526137 0.0084160269 -0.19277943 -0.8850837 -0.79576573 -0.81852727
4 "LAYING" 0.25596857 -0.0074210551 -0.12355166 -0.97466881 -0.94363116 -0.94687491
4 "LAYING" 0.27825064 -0.018024047 -0.10670789 -0.9858728 -0.99179899 -0.9816147
4 "LAYING" 0.28369547 -0.01736667 -0.11311272 -0.98740984 -0.99095298 -0.97670469
4 "LAYING" 0.27322234 -0.018568274 -0.10705091 -0.983165 -0.98774385 -0.96849498
4 "LAYING" 0.274189 -0.016910887 -0.10787557 -0.98308904 -0.98531579 -0.96728458
4 "LAYING" 0.28222232 -0.016935802 -0.1122772 -0.98714038 -0.98565357 -0.97511802
4 "LAYING" 0.27869661 -0.016529127 -0.10651644 -0.98814189 -0.98454768 -0.98050896
4 "LAYING" 0.28055182 -0.015765129 -0.10789218 -0.98696288 -0.98766609 -0.98008015
4 "LAYING" 0.27475392 -0.019499381 -0.10896832 -0.98842622 -0.9929582 -0.98212952
4 "LAYING" 0.27684005 -0.017767982 -0.10807413 -0.98810142 -0.98884621 -0.97537494
4 "LAYING" 0.27710557 -0.015506359 -0.1059817 -0.98800174 -0.98595408 -0.97709342
4 "LAYING" 0.2924326 -0.017878346 -0.1143253 -0.97689274 -0.97295025 -0.97720327
4 "WALKING" 0.30915404 0.046080947 -0.098416109 -0.52777609 -0.27059129 -0.57376047
4 "WALKING" 0.26093585 -0.0093436512 -0.090990058 -0.49214924 -0.1872929 -0.61514823
4 "WALKING" 0.28996373 -0.018980389 -0.099626201 -0.47554091 -0.28004417 -0.5604131
4 "WALKING" 0.27368944 -0.033732585 -0.13180751 -0.4734004 -0.30467893 -0.54293501
4 "WALKING" 0.25883749 -0.0069610662 -0.11768917 -0.46186008 -0.1574607 -0.59750851
4 "WALKING" 0.34684312 -0.0011256259 -0.10309374 -0.42273027 -0.1281277 -0.5997675
4 "WALKING" 0.26158945 -0.022160746 -0.095559204 -0.43701642 -0.1696263 -0.57993119
4 "WALKING" 0.2484134 -0.041231042 -0.10062737 -0.43904879 -0.090983638 -0.52617778
4 "WALKING" 0.25553983 -0.025850438 -0.15651915 -0.47998226 -0.06047801 -0.54635139
4 "WALKING" 0.27320412 -0.01203237 -0.13701804 -0.50265447 -0.083455874 -0.60627192
4 "WALKING" 0.31831507 -0.021271136 -0.096684508 -0.47950475 -0.15082774 -0.58784577
4 "WALKING" 0.25520113 0.011061827 -0.067991804 -0.47187454 -0.2911993 -0.52015606
4 "WALKING" 0.28671326 -0.020601225 -0.077380248 -0.48810795 -0.21499213 -0.47922701
4 "WALKING" 0.26112918 -0.049985729 -0.12533006 -0.51211634 -0.15877764 -0.50574456
4 "WALKING" 0.25694564 0.0054141258 -0.116558 -0.51045953 -0.19056432 -0.57804442
4 "WALKING" 0.34234961 0.011521256 -0.086822203 -0.50314449 -0.16656875 -0.58534473
4 "WALKING" 0.26227824 -0.057349042 -0.14499221 -0.46622729 -0.17045107 -0.43843845
4 "WALKING" 0.2693487 -0.0025087408 -0.1129306 -0.45538443 -0.062779593 -0.55535607
4 "WALKING" 0.28833576 0.01508198 -0.12687212 -0.4370912 -0.027838319 -0.59415555
4 "WALKING" 0.28550945 -0.025785907 -0.098237602 -0.45495125 -0.11411067 -0.56022866
4 "WALKING" 0.26413773 -0.054654853 -0.11101336 -0.47058183 -0.14249618 -0.54418174
4 "WALKING" 0.26884884 0.008148501 -0.10847838 -0.45933592 -0.049129155 -0.56961794
4 "WALKING" 0.31756167 0.0054502873 -0.12174565 -0.45248745 0.010102272 -0.53979081
4 "WALKING" 0.27050501 -0.028146555 -0.092759318 -0.42711189 -0.031369474 -0.50948002
4 "WALKING" 0.24916439 -0.046933272 -0.092092809 -0.44282125 -0.06440511 -0.49991442
4 "WALKING" 0.27243408 -0.021554906 -0.12924009 -0.48391012 -0.015636416 -0.53527967
4 "WALKING" 0.32498849 0.0072651168 -0.11657728 -0.476951 -0.030204837 -0.56876007
4 "WALKING" 0.24362795 -0.026698627 -0.12937027 -0.4586587 -0.17118267 -0.55857492
4 "WALKING" 0.2604804 -0.015305432 -0.097889565 -0.4585743 -0.24125173 -0.53023625
4 "WALKING" 0.28402036 -0.015717841 -0.087331821 -0.45735121 -0.1524857 -0.54395317
4 "WALKING" 0.27672301 0.0104587 -0.10159656 -0.45827506 -0.053339586 -0.55780753
4 "WALKING_DOWNSTAIRS" 0.32860731 0.013722763 -0.073780445 -0.067456994 -0.34568642 -0.54353541
4 "WALKING_DOWNSTAIRS" 0.22999415 0.013894079 -0.093146151 -0.13537203 -0.41721304 -0.53149856
4 "WALKING_DOWNSTAIRS" 0.3416868 -0.034447458 -0.11302177 -0.12929686 -0.30181716 -0.4688725
4 "WALKING_DOWNSTAIRS" 0.16422959 0.030590021 -0.016410577 -0.0013044773 -0.40722592 -0.59356665
4 "WALKING_DOWNSTAIRS" 0.29353396 -0.007301699 -0.10682503 0.12133771 -0.33324176 -0.59328629
4 "WALKING_DOWNSTAIRS" 0.22827325 0.007316065 -0.067012121 -0.28479772 -0.46495504 -0.53685754
4 "WALKING_DOWNSTAIRS" 0.30233239 0.031498918 -0.067048605 -0.18719375 -0.47703554 -0.52801657
4 "WALKING_DOWNSTAIRS" 0.3172964 -0.022770336 -0.089612042 -0.20552613 -0.43511094 -0.53739617
4 "WALKING_DOWNSTAIRS" 0.37374556 -0.046482279 -0.13008758 -0.26527997 -0.16022233 -0.53348332
4 "WALKING_DOWNSTAIRS" 0.28426048 -0.028545838 -0.12103988 -0.26526141 -0.13675533 -0.54062236
4 "WALKING_DOWNSTAIRS" 0.14957067 -0.0051893681 -0.040371232 -0.26431398 -0.36226181 -0.46828729
4 "WALKING_DOWNSTAIRS" 0.22200404 -0.0029673033 -0.10429228 -0.27763759 -0.25704343 -0.37838638
4 "WALKING_DOWNSTAIRS" 0.21602107 -0.011841202 -0.14935526 -0.13942614 -0.31400359 -0.43830468
4 "WALKING_DOWNSTAIRS" 0.26857249 -0.018425387 -0.10476352 0.039896217 -0.34343943 -0.49714923
4 "WALKING_DOWNSTAIRS" 0.48249021 -0.021489383 -0.15497999 0.069607542 -0.24408727 -0.41398126
4 "WALKING_DOWNSTAIRS" 0.32140238 0.02575832 -0.022552835 0.013029152 -0.40619318 -0.44693316
4 "WALKING_DOWNSTAIRS" 0.21088246 0.0068403589 -0.054977077 0.028901568 -0.38795581 -0.49244803
4 "WALKING_DOWNSTAIRS" 0.17856694 -0.02263644 -0.097887422 -0.12824551 -0.2511425 -0.57727067
4 "WALKING_DOWNSTAIRS" 0.23349642 -0.046622351 -0.1184478 -0.14437215 -0.29339911 -0.5532804
4 "WALKING_DOWNSTAIRS" 0.27473751 0.0015783122 -0.12342557 -0.11499641 -0.34537968 -0.45042299
4 "WALKING_DOWNSTAIRS" 0.26728659 -0.019647729 -0.10240656 -0.14957193 -0.20047447 -0.45183135
4 "WALKING_DOWNSTAIRS" 0.34839724 -0.032357253 -0.11131923 -0.028052755 -0.1729262 -0.58688058
4 "WALKING_DOWNSTAIRS" 0.33398592 0.006971351 -0.19180326 0.12543104 -0.22946726 -0.53622022
4 "WALKING_UPSTAIRS" 0.36323991 -0.091988202 -0.23958561 -0.25446968 -0.013921555 -0.35064887
4 "WALKING_UPSTAIRS" 0.21150956 0.015320443 -0.085888577 -0.29092397 -0.28400687 -0.46641578
4 "WALKING_UPSTAIRS" 0.14028257 -0.024774748 -0.058393749 -0.30617287 -0.24662005 -0.43628349
4 "WALKING_UPSTAIRS" 0.30833231 -0.031230345 -0.023772515 -0.27076697 -0.1706243 -0.35773694
4 "WALKING_UPSTAIRS" 0.30127859 -0.0081853394 -0.16820747 -0.31603526 -0.15807805 -0.38147292
4 "WALKING_UPSTAIRS" 0.33356457 -0.012958909 -0.20506704 -0.30820335 -0.1549319 -0.49217834
4 "WALKING_UPSTAIRS" 0.24842031 -0.0028505653 -0.086121566 -0.37568268 -0.12701544 -0.43993486
4 "WALKING_UPSTAIRS" 0.17402448 -0.037292256 -0.10503359 -0.39431078 -0.14324898 -0.46054264
4 "WALKING_UPSTAIRS" 0.33903608 -0.040870077 -0.11272809 -0.29392609 -0.14649694 -0.4591974
4 "WALKING_UPSTAIRS" 0.36579586 -0.015943004 -0.082403319 -0.28817417 -0.14112156 -0.41472036
4 "WALKING_UPSTAIRS" 0.23488534 0.0031079074 -0.13402199 -0.32957861 -0.26825373 -0.46146197
4 "WALKING_UPSTAIRS" 0.17290917 -0.12207847 -0.11184651 -0.15376878 -0.097729563 -0.44186138
4 "WALKING_UPSTAIRS" 0.24966739 -0.026959305 -0.11194671 -0.17438443 -0.20400532 -0.43024498
4 "WALKING_UPSTAIRS" 0.37154184 -0.036892063 -0.07434504 -0.23574228 -0.098604567 -0.3682515
4 "WALKING_UPSTAIRS" 0.38604971 -0.011091889 -0.084010603 -0.29421317 -0.034884992 -0.41187958
4 "WALKING_UPSTAIRS" 0.27420703 -0.017415219 -0.15499538 -0.27373493 -0.065243591 -0.44508085
4 "WALKING_UPSTAIRS" 0.24881813 -0.0082547695 -0.12541965 -0.21032467 -0.016878292 -0.37046926
4 "WALKING_UPSTAIRS" 0.28987434 -0.024056563 -0.12302931 -0.20545599 0.0006388387 -0.34074547
4 "WALKING_UPSTAIRS" 0.27175142 -0.052301652 -0.13282249 -0.2006412 -0.047201796 -0.37120673
4 "WALKING_UPSTAIRS" 0.25342313 -0.034023083 -0.089549329 -0.17345011 0.046470628 -0.402548
4 "WALKING_UPSTAIRS" 0.33411519 -0.13109183 -0.15126875 -0.047120065 0.073665558 -0.34624594
4 "WALKING_UPSTAIRS" 0.34863245 -0.041476271 -0.05500607 -0.11496005 -0.11145949 -0.42427699
4 "WALKING_UPSTAIRS" 0.26105522 -0.024170981 -0.080604337 -0.24050629 -0.10947356 -0.37323847
4 "WALKING_UPSTAIRS" 0.29821999 -0.022570919 -0.13833296 -0.19604633 0.0065888546 -0.38359347
4 "WALKING_UPSTAIRS" 0.27901789 -0.020843435 -0.087746132 -0.1780637 0.059194864 -0.39699936
4 "WALKING_UPSTAIRS" 0.24934673 -0.018999253 -0.065388479 -0.21148501 0.031111001 -0.28898742
4 "WALKING_UPSTAIRS" 0.28096328 -0.024715802 -0.153438 -0.19594529 -0.080287019 -0.29756364
4 "WALKING_UPSTAIRS" 0.26011522 -0.009225646 -0.17514246 -0.15516478 -0.17511368 -0.38167816
4 "STANDING" 0.36712484 0.24610584 0.33931216 -0.74430556 -0.13811211 -0.53330941
4 "STANDING" 0.19050003 -0.028162994 0.047063509 -0.92407205 -0.76935151 -0.48227762
4 "STANDING" 0.31023328 -0.044826469 -0.20716881 -0.96702147 -0.84072139 -0.86834564
4 "STANDING" 0.29749006 -0.0040575498 -0.16087072 -0.97380017 -0.81936292 -0.8314905
4 "STANDING" 0.27799381 -0.0052553965 -0.12316028 -0.98509345 -0.8097819 -0.92225192
4 "STANDING" 0.28148819 -0.029252444 -0.12181828 -0.98997666 -0.88987243 -0.92844258
4 "STANDING" 0.27885312 -0.028739355 -0.10930185 -0.9896342 -0.94212042 -0.95333021
4 "STANDING" 0.2854892 -0.024575917 -0.1407388 -0.98626526 -0.9364091 -0.98380923
4 "STANDING" 0.28141963 -0.018489534 -0.1329983 -0.98447618 -0.93372815 -0.96432242
4 "STANDING" 0.27151202 -0.01879681 -0.086495192 -0.98103338 -0.91152983 -0.9297342
4 "STANDING" 0.2701509 -0.0066498908 -0.070094547 -0.98045223 -0.8987578 -0.93147501
4 "STANDING" 0.27543487 -0.0069991706 -0.10718854 -0.98011204 -0.90850727 -0.93010602
4 "STANDING" 0.27566389 -0.017385183 -0.10574463 -0.98391582 -0.93034755 -0.94292074
4 "STANDING" 0.28341065 -0.023547821 -0.12553787 -0.99081627 -0.95817993 -0.92118365
4 "STANDING" 0.28319449 -0.024927815 -0.12568548 -0.99210546 -0.97789941 -0.93028512
4 "STANDING" 0.27608047 -0.044892866 -0.11972813 -0.97176439 -0.80834107 -0.88023018
4 "STANDING" 0.39858287 0.18626034 -0.035933018 -0.89423171 -0.10789039 -0.84290492
4 "STANDING" 0.26641823 -0.057992817 -0.13796654 -0.9850869 -0.78836291 -0.93299687
4 "STANDING" 0.28072709 -0.029906051 -0.14123956 -0.99273468 -0.88401989 -0.93473412
4 "STANDING" 0.28124873 -0.019284539 -0.10577073 -0.99191293 -0.84960234 -0.9666913
4 "STANDING" 0.27333711 0.020901722 -0.085464587 -0.9918046 -0.79967964 -0.95406747
4 "STANDING" 0.27413712 0.00087612591 -0.088950317 -0.9905489 -0.79518693 -0.95101087
4 "STANDING" 0.27753373 -0.048244353 -0.10137557 -0.99284248 -0.91639656 -0.97264523
4 "STANDING" 0.28102791 -0.014189564 -0.11795061 -0.99606527 -0.90119882 -0.95053345
4 "STANDING" 0.28302122 0.020707886 -0.15977187 -0.99559136 -0.9179921 -0.95799337
4 "STANDING" 0.27710382 -0.013321072 -0.11493253 -0.99566131 -0.85807082 -0.89800365
4 "STANDING" 0.27450554 -0.049374149 -0.06557248 -0.99708911 -0.96647447 -0.97239351
4 "STANDING" 0.27135016 -0.021277032 -0.10487863 -0.99407459 -0.9292348 -0.93397045
4 "SITTING" 0.079402186 0.14062679 -0.1252977 -0.86741484 0.073153146 -0.94344502
4 "SITTING" 0.28204284 -0.057987551 -0.1198413 -0.97145753 -0.82561305 -0.96027868
4 "SITTING" 0.28472725 -0.0092622469 -0.11309078 -0.98879545 -0.95399275 -0.98038082
4 "SITTING" 0.27583242 -0.015331246 -0.10535827 -0.99362594 -0.97094556 -0.98272233
4 "SITTING" 0.27231528 -0.015412665 -0.1070142 -0.99576297 -0.98748439 -0.98043077
4 "SITTING" 0.27099024 -0.013259527 -0.1149968 -0.9877009 -0.92653007 -0.95970947
4 "SITTING" 0.2642178 -0.012400398 -0.092979284 -0.98013229 -0.90345164 -0.94542955
4 "SITTING" 0.26619674 -0.014443952 -0.075342659 -0.97416506 -0.89833168 -0.97014207
4 "SITTING" 0.28617733 -0.020494997 -0.10731703 -0.97652868 -0.91295131 -0.93147894
4 "SITTING" 0.28599478 -0.0176916 -0.14280066 -0.98836705 -0.96224023 -0.9576859
4 "SITTING" 0.26800319 -0.011157346 -0.1226489 -0.99453916 -0.98358762 -0.96391197
4 "SITTING" 0.27493336 -0.016660817 -0.11120669 -0.99115995 -0.98088345 -0.98009124
4 "SITTING" 0.27825684 -0.016752712 -0.10804593 -0.99196469 -0.98080507 -0.9786563
4 "SITTING" 0.27549278 -0.0148767 -0.11276456 -0.99281514 -0.98298448 -0.97096728
4 "SITTING" 0.27528208 0.12667924 0.0788793 -0.90886667 -0.42069353 -0.14708168
4 "SITTING" 0.31210237 -0.047990691 -0.21074605 -0.97811223 -0.8839961 -0.87764728
4 "SITTING" 0.27742856 -0.057169731 -0.12376359 -0.98588594 -0.89860102 -0.95546152
4 "SITTING" 0.27780483 -0.036323811 -0.10447288 -0.98541653 -0.91336145 -0.97719365
4 "SITTING" 0.27725952 -0.0048038739 -0.098744145 -0.99321393 -0.89998404 -0.9758036
4 "SITTING" 0.2761973 0.005411349 -0.10725159 -0.99432643 -0.93552005 -0.96990499
4 "SITTING" 0.27395934 -0.017890333 -0.095111558 -0.99040026 -0.93414543 -0.94182679
4 "SITTING" 0.26716515 0.027108345 -0.06825135 -0.97306186 -0.82735572 -0.93097099
4 "SITTING" 0.26021014 0.065940955 -0.10657054 -0.96498737 -0.88453843 -0.89381545
4 "SITTING" 0.27084629 -0.040086523 -0.08776648 -0.94909151 -0.57553205 -0.81835509
4 "SITTING" 0.2855496 -0.072470086 -0.057243547 -0.94090227 -0.62711288 -0.78729816
4 "SITTING" 0.28384658 -0.028349849 -0.12659896 -0.95888194 -0.85470203 -0.79560338
4 "LAYING" -0.27033343 0.059234721 -0.056666829 -0.41160194 -0.47189892 -0.85158078
4 "LAYING" 0.35770991 -0.035391223 -0.1034982 -0.93810544 -0.91114607 -0.95287158
4 "LAYING" 0.26299648 -0.01304195 -0.11436236 -0.97900489 -0.97164117 -0.99414276
4 "LAYING" 0.25903815 -0.015621731 -0.10684629 -0.97783861 -0.92097311 -0.97684908
4 "LAYING" 0.28407807 -0.017065177 -0.11823165 -0.96452893 -0.86897835 -0.91054351
4 "LAYING" 0.29224468 -0.016465621 -0.11807373 -0.97187924 -0.88757716 -0.91218584
4 "LAYING" 0.28900955 -0.018282427 -0.10619326 -0.99080131 -0.96221077 -0.97732122
4 "LAYING" 0.2807251 -0.016330983 -0.11064293 -0.99121613 -0.98876357 -0.98657715
4 "LAYING" 0.26654807 -0.01588764 -0.1068745 -0.99128142 -0.98225368 -0.99138845
4 "LAYING" 0.25779981 -0.016095206 -0.10674798 -0.9874237 -0.98000299 -0.9875897
4 "LAYING" 0.26238894 -0.017120727 -0.11182821 -0.98813605 -0.98508866 -0.98245447
4 "LAYING" 0.27740118 -0.017043803 -0.11081067 -0.98098395 -0.90918278 -0.98548818
4 "LAYING" 0.061186573 -0.011163862 -0.036830383 -0.65890002 -0.66052635 -0.84146596
4 "LAYING" 0.34391723 -0.031638123 -0.11876799 -0.95148563 -0.90417539 -0.95138145
4 "LAYING" 0.26942456 -0.01055157 -0.11720196 -0.98773218 -0.98419713 -0.97644403
4 "LAYING" 0.27537018 -0.017070771 -0.1096177 -0.99127823 -0.99140484 -0.98830561
4 "LAYING" 0.28422452 -0.018274176 -0.11417142 -0.99493341 -0.99415359 -0.99215134
4 "LAYING" 0.27924636 -0.016580887 -0.10730724 -0.99444718 -0.99278483 -0.9896058
4 "LAYING" 0.27861241 -0.016744862 -0.10783497 -0.99423188 -0.99009916 -0.99172801
4 "LAYING" 0.27367494 -0.01676983 -0.1122094 -0.99457408 -0.99064806 -0.99654837
4 "LAYING" 0.27657213 -0.015897829 -0.11152089 -0.99316013 -0.99356259 -0.99494598
4 "LAYING" 0.27831789 -0.017513229 -0.11094936 -0.99324702 -0.99411815 -0.99549228
4 "LAYING" 0.27248973 -0.018007417 -0.10639905 -0.99524736 -0.99229538 -0.99325337
4 "LAYING" 0.27721839 -0.016698134 -0.10710786 -0.99529507 -0.9884031 -0.99095683
4 "WALKING" 0.29163418 -0.014972881 -0.15976364 -0.4540539 -0.076411067 -0.64228529
4 "WALKING" 0.28512039 0.0067621401 -0.087324093 -0.41761206 -0.093410115 -0.65494808
4 "WALKING" 0.24066899 -0.040748481 -0.10772871 -0.42974974 -0.13773087 -0.64193162
4 "WALKING" 0.30247452 -0.015351499 -0.12844592 -0.40943727 -0.0099335941 -0.6347918
4 "WALKING" 0.28243899 0.001155636 -0.13047289 -0.3834696 0.01289143 -0.63600547
4 "WALKING" 0.29491553 -0.020137607 -0.091818099 -0.42428414 -0.031434839 -0.60117362
4 "WALKING" 0.2504735 -0.035023747 -0.084093353 -0.47383069 -0.058175669 -0.5911355
4 "WALKING" 0.23922113 0.0065782558 -0.12706812 -0.46879497 -0.050219367 -0.63556992
4 "WALKING" 0.33770701 -0.0042082511 -0.1310831 -0.44143529 -0.053679532 -0.66389999
4 "WALKING" 0.26852186 -0.042939982 -0.072588418 -0.40747848 -0.10114609 -0.64675661
4 "WALKING" 0.24843563 -0.020143338 -0.074775553 -0.41781951 -0.049751128 -0.60829761
4 "WALKING" 0.26889439 -0.015807914 -0.11939586 -0.43278017 -0.040344648 -0.61773926
4 "WALKING" 0.30344228 -0.022841831 -0.13996845 -0.38373339 -0.033969521 -0.6307167
4 "WALKING" 0.29192158 -0.010980288 -0.11394106 -0.40129463 -0.072742596 -0.64613001
4 "WALKING" 0.26841076 0.020047468 -0.19595794 -0.5233524 -0.16378318 -0.58627242
4 "WALKING" 0.30029053 -0.055739891 -0.13905246 -0.44272372 0.022990934 -0.60842339
4 "WALKING" 0.27454548 0.010493163 -0.14317331 -0.36553942 -0.10841591 -0.61563483
4 "WALKING" 0.28836911 -0.012305963 -0.10517003 -0.33225558 -0.036519171 -0.58344975
4 "WALKING" 0.26482439 -0.021515022 -0.086917894 -0.39507346 0.088632549 -0.62593733
4 "WALKING" 0.31564506 -0.018495012 -0.12568041 -0.38590661 0.14189525 -0.63110944
4 "WALKING" 0.30447714 -0.017665493 -0.089242297 -0.3217303 0.041881961 -0.5805404
4 "WALKING" 0.20046704 -0.026278572 -0.086678057 -0.39686017 0.033448256 -0.5967041
4 "WALKING" 0.26030918 -0.011686588 -0.11975587 -0.42693252 0.07416634 -0.61696561
4 "WALKING" 0.30906248 -0.0090706387 -0.16277919 -0.36110256 0.029359565 -0.64721465
4 "WALKING" 0.30166119 -0.019919391 -0.0907304 -0.35963999 0.018360138 -0.60576327
4 "WALKING" 0.20956471 -0.020663275 -0.042663638 -0.3931133 0.033283118 -0.58721119
4 "WALKING" 0.27821911 -0.024317013 -0.13207519 -0.41294117 0.17204507 -0.64198137
4 "WALKING" 0.32661005 -0.016921005 -0.1508 -0.40977094 0.08050087 -0.67408286
4 "WALKING" 0.26980626 -0.00025139395 -0.071798929 -0.44000287 -0.13914476 -0.6120934
4 "WALKING_DOWNSTAIRS" 0.36400551 -0.011985323 -0.13797327 0.094658875 -0.19695059 -0.4690054
4 "WALKING_DOWNSTAIRS" 0.35510843 0.018031926 -0.070406626 0.11825653 -0.30634453 -0.46248589
4 "WALKING_DOWNSTAIRS" 0.36403235 -0.042051321 -0.1039141 0.052183778 -0.0083813392 -0.44908298
4 "WALKING_DOWNSTAIRS" 0.21899076 -0.029465827 -0.091102532 0.0039817534 0.016997019 -0.46446501
4 "WALKING_DOWNSTAIRS" 0.21748354 0.030261646 -0.10473244 -0.10110091 -0.19285286 -0.41636777
4 "WALKING_DOWNSTAIRS" 0.22571795 -0.039452822 -0.14404035 -0.0074156271 -0.16898281 -0.4167245
4 "WALKING_DOWNSTAIRS" 0.23403677 -0.038275976 -0.12799348 0.19698249 -0.20861069 -0.44149491
4 "WALKING_DOWNSTAIRS" 0.3708507 0.02314204 -0.14165105 0.29854067 -0.20743201 -0.52810061
4 "WALKING_DOWNSTAIRS" 0.2586033 0.012907529 -0.084638902 0.20315241 -0.19493749 -0.45559361
4 "WALKING_DOWNSTAIRS" 0.30990241 0.021053218 -0.15243574 0.089771141 -0.28814769 -0.49743236
4 "WALKING_DOWNSTAIRS" 0.23899183 -0.042579971 -0.085303612 0.034057343 -0.084900647 -0.4443994
4 "WALKING_DOWNSTAIRS" 0.40689452 -0.027527223 -0.051406937 0.13858323 -0.027455803 -0.43732379
4 "WALKING_DOWNSTAIRS" 0.35804906 -0.028888096 -0.10848229 0.10222449 0.042740055 -0.44424801
4 "WALKING_DOWNSTAIRS" 0.12166437 -0.042791613 -0.12842315 0.14770509 -0.028774883 -0.49534396
4 "WALKING_DOWNSTAIRS" 0.16016873 0.012275909 -0.17618024 0.34027627 -0.1588875 -0.47938188
4 "WALKING_DOWNSTAIRS" 0.34577011 0.008331067 -0.12970563 0.24876359 -0.29758761 -0.46675464
4 "WALKING_DOWNSTAIRS" 0.26170209 0.0098124347 -0.13133701 0.19052842 0.00013066365 -0.43002846
4 "WALKING_DOWNSTAIRS" 0.3789949 -0.05024955 -0.076372861 0.092684167 0.050995 -0.38987412
4 "WALKING_DOWNSTAIRS" 0.26937883 -0.037452758 -0.10216728 0.13629511 -0.13499587 -0.44563765
4 "WALKING_DOWNSTAIRS" 0.13771755 0.0018420117 -0.07185554 0.12649806 -0.13374876 -0.4434312
4 "WALKING_DOWNSTAIRS" 0.35522774 -0.0017599745 -0.10702329 0.16287063 -0.1562376 -0.36718286
4 "WALKING_DOWNSTAIRS" 0.27377455 -0.0037138714 -0.22327604 0.2241148 0.13447854 -0.42047835
4 "WALKING_UPSTAIRS" 0.23644039 -0.12193899 -0.15942202 -0.088006229 0.010253416 -0.28838704
4 "WALKING_UPSTAIRS" 0.31364281 -0.0021203364 -0.057606745 -0.17180498 -0.14244151 -0.28659894
4 "WALKING_UPSTAIRS" 0.33823101 -0.00090524071 -0.067775189 -0.1813962 -0.082565517 -0.29690624
4 "WALKING_UPSTAIRS" 0.26722577 -0.015071218 -0.10317502 -0.17844083 -0.12144061 -0.29209654
4 "WALKING_UPSTAIRS" 0.24148213 -0.053850982 -0.083056366 -0.1966103 -0.049716692 -0.37249467
4 "WALKING_UPSTAIRS" 0.27492864 -0.04149706 -0.13585848 -0.20111352 -0.033266081 -0.39465217
4 "WALKING_UPSTAIRS" 0.19479704 -0.0093078134 -0.14639459 -0.16943737 -0.12577236 -0.32694628
4 "WALKING_UPSTAIRS" 0.19108755 -0.011703716 -0.14941735 -0.1785008 -0.13771209 -0.30395281
4 "WALKING_UPSTAIRS" 0.23864352 -0.12418937 -0.13710491 -0.055066724 0.058158035 -0.3150874
4 "WALKING_UPSTAIRS" 0.37661057 -0.010742054 -0.099111386 -0.1078712 0.00028607796 -0.32837823
4 "WALKING_UPSTAIRS" 0.39366628 -0.010218646 -0.13163478 -0.14956387 -0.0080964077 -0.41948161
4 "WALKING_UPSTAIRS" 0.26265802 -0.0286908 -0.12072256 -0.16468562 0.038616392 -0.38104859
4 "WALKING_UPSTAIRS" 0.23088375 -0.025104612 -0.070413035 -0.22007516 0.016590352 -0.30385861
4 "WALKING_UPSTAIRS" 0.2957943 -0.036844175 -0.1144386 -0.22989322 -0.0024233635 -0.34671497
4 "WALKING_UPSTAIRS" 0.18529287 0.00081271653 -0.14176694 -0.1953773 0.027262939 -0.3934984
4 "WALKING_UPSTAIRS" 0.15940435 0.010533098 -0.11574261 -0.20268443 -0.040352568 -0.36611276
4 "WALKING_UPSTAIRS" 0.29807391 -0.20173135 -0.20478727 -0.077808273 0.11026517 -0.38107925
4 "WALKING_UPSTAIRS" 0.21463291 -0.014642436 -0.11018036 -0.12671074 0.022900425 -0.35873022
4 "WALKING_UPSTAIRS" 0.20637424 -6.2653314e-05 -0.08890752 -0.14185017 0.028858384 -0.36256921
4 "WALKING_UPSTAIRS" 0.30506435 -0.0056742337 -0.07407593 -0.19175194 0.054336697 -0.3430698
4 "WALKING_UPSTAIRS" 0.32496752 0.035031384 -0.051698119 -0.22390427 -0.13661947 -0.28785391
4 "WALKING_UPSTAIRS" 0.28750332 -0.048242483 -0.081209931 -0.21729504 -0.097888177 -0.32151825
4 "WALKING_UPSTAIRS" 0.21894807 -0.050101861 -0.12312134 -0.15342963 -0.070758658 -0.34363576
4 "WALKING_UPSTAIRS" 0.1791572 -0.02288726 -0.15567491 -0.14398891 -0.10881823 -0.34102801
9 "STANDING" 0.27911531 0.01056235 -0.059284912 -0.90669433 -0.84956897 -0.77939054
9 "STANDING" 0.28054459 -0.021530718 -0.11056913 -0.98375357 -0.97322546 -0.90789607
9 "STANDING" 0.27220598 -0.017500432 -0.09457415 -0.98496706 -0.98506407 -0.94479791
9 "STANDING" 0.27142722 -0.019603709 -0.078243188 -0.98194783 -0.98506382 -0.94879727
9 "STANDING" 0.28388166 -0.021874168 -0.12257745 -0.98160944 -0.98582156 -0.93000727
9 "STANDING" 0.28114415 -0.020836641 -0.13505985 -0.98094033 -0.98177009 -0.96292597
9 "STANDING" 0.27893183 -0.017987423 -0.11426485 -0.98565631 -0.98038383 -0.98379533
9 "STANDING" 0.27755079 -0.014363712 -0.10170465 -0.99230033 -0.99078411 -0.98547096
9 "STANDING" 0.2738738 -0.014017638 -0.10025853 -0.98766775 -0.99147619 -0.97384393
9 "STANDING" 0.2759053 -0.018010752 -0.10610959 -0.98719731 -0.98888795 -0.97199096
9 "STANDING" 0.30239387 -0.015771145 -0.046833093 -0.97408007 -0.95285849 -0.75538135
9 "STANDING" 0.27010979 -0.020743235 -0.11673824 -0.989685 -0.97518457 -0.93699543
9 "STANDING" 0.27436017 -0.016406789 -0.082983662 -0.99463698 -0.99532808 -0.98399426
9 "STANDING" 0.27576294 -0.013671637 -0.09446572 -0.99611223 -0.98788161 -0.98615081
9 "STANDING" 0.27633541 -0.013908524 -0.11080606 -0.99624907 -0.98286804 -0.98316354
9 "STANDING" 0.2750132 -0.015239279 -0.10954591 -0.9964764 -0.98741215 -0.98410382
9 "STANDING" 0.27788523 -0.017263995 -0.10479985 -0.99544901 -0.9865691 -0.99200295
9 "STANDING" 0.28287427 -0.01425164 -0.11641223 -0.9927223 -0.91671828 -0.97834835
9 "STANDING" 0.29365488 -0.041640983 -0.17607315 -0.94027379 -0.85144146 -0.88492069
9 "STANDING" 0.28757138 -0.03892643 -0.15372476 -0.9382878 -0.86641229 -0.84583867
9 "STANDING" 0.26459293 0.015780489 -0.060545492 -0.96496857 -0.9262531 -0.9236202
9 "STANDING" 0.27010488 0.0092401457 -0.07207767 -0.96275038 -0.90408576 -0.85609014
9 "SITTING" 0.23379765 -0.0089945852 -0.068190706 -0.94722788 -0.8018468 -0.79433039
9 "SITTING" 0.29227472 -0.02241997 -0.13985486 -0.98517645 -0.94290182 -0.95083718
9 "SITTING" 0.28873745 -0.01691176 -0.13889369 -0.99203792 -0.9617152 -0.96799186
9 "SITTING" 0.28146396 -0.019342561 -0.11788621 -0.99412733 -0.97437925 -0.96999567
9 "SITTING" 0.27577107 -0.017171804 -0.10492841 -0.99598166 -0.98808756 -0.98462998
9 "SITTING" 0.27581207 -0.017880268 -0.1039486 -0.99711834 -0.9892799 -0.9871189
9 "SITTING" 0.28033541 -0.019079887 -0.11028346 -0.9988669 -0.99500381 -0.97620872
9 "SITTING" 0.27949435 -0.018060544 -0.11905939 -0.99829255 -0.99560697 -0.97295312
9 "SITTING" 0.2758823 -0.016911343 -0.11111063 -0.99709122 -0.99450935 -0.97081635
9 "SITTING" 0.27659813 -0.014730308 -0.10562341 -0.99730944 -0.99501859 -0.9771806
9 "SITTING" 0.27869959 -0.015058348 -0.10791356 -0.99613082 -0.99529671 -0.97820979
9 "SITTING" 0.23968895 -0.02700088 -0.056882975 -0.92622864 -0.88351635 -0.81085794
9 "SITTING" 0.30353079 -0.018931141 -0.13329166 -0.98066695 -0.94360269 -0.94272412
9 "SITTING" 0.27393338 -0.008602606 -0.11295468 -0.98882284 -0.95908889 -0.94504463
9 "SITTING" 0.27545496 -0.013879503 -0.10857249 -0.99366512 -0.96046581 -0.95458159
9 "SITTING" 0.27922977 -0.016394322 -0.11672419 -0.99301514 -0.94831378 -0.94715181
9 "SITTING" 0.28152183 -0.027618206 -0.1394211 -0.99186807 -0.93348368 -0.94374977
9 "SITTING" 0.27710335 -0.018334334 -0.12816714 -0.98990146 -0.9073442 -0.9404718
9 "SITTING" 0.26872938 0.0050717783 -0.11269651 -0.98344075 -0.90904864 -0.93230388
9 "SITTING" 0.27550916 -0.01492251 -0.085847916 -0.9816198 -0.90509158 -0.89972154
9 "SITTING" 0.28086926 -0.026303022 -0.097616309 -0.97994466 -0.93314967 -0.88583835
9 "SITTING" 0.27962823 -0.018238347 -0.12756565 -0.98079855 -0.93337761 -0.92258504
9 "SITTING" 0.27731027 -0.015722833 -0.090720425 -0.99183571 -0.95885824 -0.95226001
9 "SITTING" 0.27669713 -0.014802084 -0.10155309 -0.99408313 -0.97290571 -0.95168149
9 "SITTING" 0.27757833 -0.014380308 -0.1182158 -0.99446799 -0.98092158 -0.97122812
9 "LAYING" -0.41627026 -0.024966026 -0.034779749 -0.29748057 -0.64215059 -0.60245658
9 "LAYING" 0.39232475 -0.036101162 -0.13142947 -0.87715453 -0.83077141 -0.84999323
9 "LAYING" 0.2586773 -0.011112148 -0.10618486 -0.89197645 -0.89817621 -0.85530937
9 "LAYING" 0.2060255 -0.020043785 -0.11074855 -0.94131505 -0.94169494 -0.89494423
9 "LAYING" 0.17617081 -0.03539695 -0.10972114 -0.9480146 -0.95925537 -0.93773709
9 "LAYING" 0.22729781 -0.024895481 -0.11033182 -0.93422114 -0.95774761 -0.9869113
9 "LAYING" 0.29116623 -0.018296911 -0.10598526 -0.97493439 -0.97783532 -0.99260349
9 "LAYING" 0.27181137 -0.018151458 -0.10816409 -0.96931923 -0.95642727 -0.97018356
9 "LAYING" 0.27523237 -0.019276583 -0.1087394 -0.97041241 -0.94656729 -0.97199575
9 "LAYING" 0.28351827 -0.021130093 -0.10764403 -0.98716525 -0.96928886 -0.99613858
9 "LAYING" 0.28838273 -0.017807675 -0.10853344 -0.98941954 -0.98959619 -0.99293772
9 "LAYING" 0.29275667 -0.013916691 -0.10774243 -0.98577836 -0.97959483 -0.98697523
9 "LAYING" 0.11384184 -0.11251405 -0.11870617 -0.9091701 -0.67126155 -0.87079183
9 "LAYING" 0.21684883 -0.043106339 -0.11073282 -0.94838504 -0.88263279 -0.95020413
9 "LAYING" 0.27161479 -0.028221339 -0.10151911 -0.9750006 -0.94566764 -0.9858013
9 "LAYING" 0.28402103 -0.018403077 -0.10821976 -0.96868792 -0.93705742 -0.98973833
9 "LAYING" 0.28598248 -0.013903898 -0.10709311 -0.96672495 -0.9468197 -0.98871732
9 "LAYING" 0.31987501 -0.0068985993 -0.11119043 -0.9363866 -0.91499533 -0.92588212
9 "LAYING" 0.29583035 -0.0022133121 -0.11105857 -0.92215064 -0.87437639 -0.92038754
9 "LAYING" 0.25230455 -0.032651944 -0.10064527 -0.95383964 -0.87176362 -0.97120394
9 "LAYING" 0.2705239 -0.032988297 -0.10617797 -0.94459953 -0.89742108 -0.93268502
9 "LAYING" 0.22404196 -0.022026203 -0.11496887 -0.9421847 -0.92290582 -0.93193734
9 "LAYING" 0.2538937 -0.019548917 -0.10853676 -0.94765347 -0.94153018 -0.97992191
9 "LAYING" 0.28716162 -0.016669008 -0.10500043 -0.96684529 -0.95393102 -0.99597145
9 "WALKING" 0.25692753 -0.077237772 -0.15986202 -0.26322573 -0.15235504 -0.047242439
9 "WALKING" 0.29299566 -0.032579846 -0.060720267 -0.24944243 -0.13750279 -0.053337634
9 "WALKING" 0.31213933 -0.00048497069 -0.11742318 -0.24182218 -0.15861228 -0.022436647
9 "WALKING" 0.28917278 -0.0033662174 -0.08607509 -0.17603646 -0.12853253 -0.053730343
9 "WALKING" 0.24773273 -0.037916705 -0.14063085 -0.20877907 -0.16220641 -0.041820291
9 "WALKING" 0.30160727 -0.018933459 -0.12417177 -0.26166584 -0.087129874 -0.0050998026
9 "WALKING" 0.25926263 0.0012913056 -0.06855725 -0.27758691 -0.11767132 -0.071082674
9 "WALKING" 0.24894921 -0.026779687 -0.091554138 -0.40075074 -0.32508689 -0.15451191
9 "WALKING" 0.30394848 -0.039207868 -0.085620878 -0.48053551 -0.41108025 -0.10619555
9 "WALKING" 0.30218429 -0.033786785 -0.13072719 -0.43053625 -0.25496365 -0.11179982
9 "WALKING" 0.22433029 0.0043613843 -0.10903042 -0.42993015 -0.22408877 -0.19834728
9 "WALKING" 0.32201286 -0.0046053224 -0.13526143 -0.42951492 -0.2602109 -0.086782757
9 "WALKING" 0.27249121 -0.015148829 -0.11945084 -0.40219802 -0.27195316 -0.098625985
9 "WALKING" 0.18843063 -0.05876707 -0.17047417 -0.26812048 -0.23997433 -0.00095792496
9 "WALKING" 0.26826709 -0.032576559 -0.101641 -0.2606375 -0.25535459 -0.071178125
9 "WALKING" 0.30712254 -0.038012774 -0.14582705 -0.30288243 -0.15001853 -0.12577546
9 "WALKING" 0.24244829 0.0062265257 -0.11724025 -0.35988458 -0.19578212 -0.11874213
9 "WALKING" 0.27162533 -0.0014597576 -0.11099228 -0.29909556 -0.25029844 -0.086751637
9 "WALKING" 0.28905111 -0.046141496 -0.10050281 -0.24535499 -0.17657432 -0.091444214
9 "WALKING" 0.28784425 -0.033054387 -0.11609568 -0.25229841 -0.11023533 -0.040664178
9 "WALKING" 0.28140199 0.0085590762 -0.090913576 -0.24395899 -0.051279456 -0.057249103
9 "WALKING" 0.28188088 0.013383487 -0.056461323 -0.2210555 -0.064282421 -0.093444103
9 "WALKING" 0.27321363 -0.029130979 -0.059425422 -0.2527699 -0.13889163 -0.13213096
9 "WALKING" 0.31520113 -0.060988516 -0.1284408 -0.30730436 -0.21226843 -0.12251696
9 "WALKING" 0.23387284 -0.020112427 -0.13875748 -0.32774199 -0.11430739 -0.13047545
9 "WALKING" 0.2954706 0.010657572 -0.092545952 -0.34952403 -0.092867593 -0.19045342
9 "WALKING_DOWNSTAIRS" 0.36489804 -0.020107747 0.010560103 0.032771917 -0.29559283 -0.4158194
9 "WALKING_DOWNSTAIRS" 0.34847866 -0.02644719 -0.083240538 0.14923994 -0.20566907 -0.42365251
9 "WALKING_DOWNSTAIRS" 0.36589969 -0.031332139 -0.024079018 0.18342105 -0.34456776 -0.40326764
9 "WALKING_DOWNSTAIRS" 0.40022209 -0.017475771 -0.23692576 0.13002028 -0.41203005 -0.39294447
9 "WALKING_DOWNSTAIRS" 0.14197324 -0.00094917845 -0.074267482 -0.038193543 -0.42510434 -0.30330362
9 "WALKING_DOWNSTAIRS" 0.24738527 -0.0099019473 -0.016418125 0.10295688 -0.2438854 -0.38951185
9 "WALKING_DOWNSTAIRS" 0.40989893 -0.049897307 -0.16143131 0.15218868 -0.26366661 -0.38963549
9 "WALKING_UPSTAIRS" 0.19583759 -0.010125046 -0.10942438 -0.4592683 -0.26311066 -0.40259473
9 "WALKING_UPSTAIRS" 0.26206247 -0.040443387 -0.1547422 -0.48578859 -0.27565586 -0.45661357
9 "WALKING_UPSTAIRS" 0.3381516 -0.021815945 -0.23677799 -0.48041654 -0.28783836 -0.43122686
9 "WALKING_UPSTAIRS" 0.168419 -0.048308647 -0.17172716 -0.61967936 -0.36674036 -0.4369523
9 "WALKING_UPSTAIRS" 0.27431063 0.020916672 -0.13277016 -0.49080314 -0.31022152 -0.31112567
9 "WALKING_UPSTAIRS" 0.17677724 -0.076101166 -0.15173068 -0.49545696 -0.35600881 -0.33063925
9 "WALKING_UPSTAIRS" 0.35711293 -0.037107588 -0.029178204 -0.47258557 -0.29052362 -0.33964635
9 "WALKING_UPSTAIRS" 0.33710384 0.014171853 -0.048200089 -0.48408672 -0.322866 -0.44961009
9 "WALKING_UPSTAIRS" 0.26991783 -0.0025826462 -0.10353957 -0.44620801 -0.34243457 -0.47419469
9 "WALKING_UPSTAIRS" 0.21699256 -0.022619612 -0.16951171 -0.41332539 -0.30465184 -0.42178746
9 "WALKING_DOWNSTAIRS" 0.20981027 0.022260093 -0.033581504 0.086031786 -0.22821479 -0.38437248
9 "WALKING_DOWNSTAIRS" 0.26933255 -0.0018076137 -0.12560498 0.082360643 -0.22643468 -0.4362732
9 "WALKING_DOWNSTAIRS" 0.23763448 0.0031786944 0.064080288 0.10776079 0.30190524 -0.18107034
9 "WALKING_DOWNSTAIRS" 0.31530699 -0.058780147 -0.052554694 0.17975451 0.24702815 -0.09257576
9 "WALKING_DOWNSTAIRS" 0.32082322 -0.034704678 -0.12628816 0.2618728 -0.037671778 -0.04719963
9 "WALKING_DOWNSTAIRS" 0.20254711 0.034169697 -0.10314094 0.27677757 -0.28699259 -0.22269713
9 "WALKING_UPSTAIRS" 0.2662233 -0.079818242 -0.22121129 -0.34682303 -0.25686341 -0.40143589
9 "WALKING_UPSTAIRS" 0.27341427 -0.081179448 -0.14184135 -0.37747927 -0.31279364 -0.40793915
9 "WALKING_UPSTAIRS" 0.1816777 -0.011138253 -0.10962099 -0.40776374 -0.13210918 -0.29644676
9 "WALKING_UPSTAIRS" 0.25522432 0.021098662 -0.10925551 -0.38711054 -0.14908912 -0.28414983
9 "WALKING_UPSTAIRS" 0.30273179 0.00061174207 -0.032746272 -0.46850124 -0.31960741 -0.44170595
9 "WALKING_UPSTAIRS" 0.26716465 -0.01524637 -0.10410736 -0.46334152 -0.31408034 -0.40267658
9 "WALKING_UPSTAIRS" 0.35102469 -0.066196954 -0.1886785 -0.37211418 -0.21995347 -0.43089696
9 "WALKING_UPSTAIRS" 0.32179632 -0.053411418 -0.10450363 -0.36139995 -0.24072341 -0.44467238
9 "WALKING_DOWNSTAIRS" 0.20625869 0.031875904 0.0341101 0.14577185 -0.27011018 -0.39079978
9 "WALKING_DOWNSTAIRS" 0.41817187 -0.022827657 -0.057498696 0.28448942 -0.20719618 -0.30676483
9 "WALKING_DOWNSTAIRS" 0.31846146 -0.071460473 -0.14184731 0.29993354 -0.10755578 -0.25995185
9 "WALKING_DOWNSTAIRS" 0.21823699 -0.038003458 -0.15730285 0.37427546 0.0020534178 0.017292472
9 "WALKING_DOWNSTAIRS" 0.31554245 -0.070483118 -0.24765379 0.33578806 0.23657671 0.092114819
9 "WALKING_DOWNSTAIRS" 0.27064646 -0.00015979184 -0.0074276256 0.18170028 0.22291785 -0.051702126
9 "WALKING_DOWNSTAIRS" 0.21349459 0.052070374 0.061747382 0.26541058 -0.078483691 -0.30002907
9 "WALKING_DOWNSTAIRS" 0.24156215 -0.050591189 -0.11398359 0.39409227 -0.18875959 -0.32532161
9 "WALKING_UPSTAIRS" 0.24835171 -0.055910089 -0.21462987 -0.46014977 -0.26652406 -0.38572284
9 "WALKING_UPSTAIRS" 0.16453897 -0.036406143 -0.16361975 -0.53995708 -0.3006808 -0.44517359
9 "WALKING_UPSTAIRS" 0.27160132 -0.015072016 -0.094344308 -0.4205768 -0.17552815 -0.38758467
9 "WALKING_UPSTAIRS" 0.33131531 0.010285326 -0.093165037 -0.33810253 -0.15878539 -0.38449557
9 "WALKING_UPSTAIRS" 0.25539558 -0.012916275 -0.1116268 -0.3699845 -0.13076821 -0.45791161
9 "WALKING_UPSTAIRS" 0.23285205 -0.062350326 -0.087365487 -0.41151306 -0.098602637 -0.36786275
9 "WALKING_UPSTAIRS" 0.24507655 -0.01122626 -0.11220588 -0.43224916 -0.18507947 -0.37237746
9 "WALKING_UPSTAIRS" 0.25875116 -0.018484632 -0.12003269 -0.49903741 -0.26763321 -0.44575243
9 "STANDING" 0.36449617 -0.085399483 0.096598135 -0.85482264 -0.51391592 -0.66702097
9 "STANDING" 0.33735306 -0.089286658 -0.010581342 -0.92672839 -0.79307154 -0.6402392
9 "STANDING" 0.27931922 -0.041908756 -0.14210407 -0.97371509 -0.8772624 -0.92548777
9 "STANDING" 0.27942081 -0.018082486 -0.084934407 -0.98312576 -0.93498124 -0.90610016
9 "STANDING" 0.28407605 -0.020438275 -0.072194222 -0.99247643 -0.95935321 -0.92861384
9 "STANDING" 0.2752313 -0.011687583 -0.11221711 -0.99305227 -0.95796473 -0.95997251
9 "STANDING" 0.27803976 -0.0077785623 -0.10621163 -0.99243733 -0.96441867 -0.95612971
9 "STANDING" 0.28060378 -0.019659279 -0.1003254 -0.98767095 -0.97206076 -0.96812606
9 "STANDING" 0.27762148 -0.016452603 -0.099396771 -0.9826156 -0.97240406 -0.96377623
9 "STANDING" 0.28032203 -0.018248492 -0.094536421 -0.9871512 -0.96744748 -0.97575222
9 "STANDING" 0.27939393 -0.025130207 -0.10728754 -0.99420187 -0.97668476 -0.97882452
9 "STANDING" 0.31374035 -0.035970893 0.068003943 -0.93760641 -0.75360535 -0.61745498
9 "STANDING" 0.2837899 -0.0019238439 -0.11793031 -0.96413603 -0.85455856 -0.85558608
9 "STANDING" 0.27358289 -0.015195365 -0.11503398 -0.98095394 -0.89550193 -0.91123957
9 "STANDING" 0.27717388 -0.03414664 -0.10346489 -0.98680104 -0.97202702 -0.96828255
9 "STANDING" 0.27791609 -0.019429304 -0.1152614 -0.99428365 -0.97267759 -0.98653781
9 "STANDING" 0.27664935 -0.0064370458 -0.11486289 -0.95990034 -0.9602352 -0.92055635
9 "STANDING" 0.27448387 -0.0080933618 -0.12196509 -0.94815985 -0.956619 -0.90745927
9 "STANDING" 0.27739146 -0.018093314 -0.11349559 -0.96877589 -0.97884672 -0.94765079
9 "STANDING" 0.28022118 -0.021158281 -0.095739364 -0.99658388 -0.98970297 -0.97356996
9 "STANDING" 0.27779122 -0.016819976 -0.1113431 -0.99529836 -0.99043894 -0.96557561
9 "STANDING" 0.27420758 -0.014412147 -0.13402217 -0.99654037 -0.99110516 -0.98683891
9 "STANDING" 0.27588764 -0.018328872 -0.11140591 -0.99689321 -0.98866698 -0.95798977
9 "SITTING" 0.29722137 -0.023536578 0.021983318 -0.95208783 -0.63020868 -0.32331501
9 "SITTING" 0.26525873 0.010995737 -0.17077519 -0.98868986 -0.87456661 -0.83849628
9 "SITTING" 0.27942699 -0.023090831 -0.092375929 -0.99449499 -0.95893312 -0.95734769
9 "SITTING" 0.16241983 -0.12283435 0.13780037 -0.87205721 -0.52307927 -0.35653249
9 "SITTING" 0.22108157 -0.087332585 0.044139264 -0.8101825 -0.30587092 -0.032818804
9 "SITTING" 0.044666967 -0.10083623 0.11258333 -0.65924046 -0.15119258 0.24256804
9 "SITTING" -0.32564743 -0.19603125 0.49411433 -0.7235176 -0.29677447 -0.09689716
9 "SITTING" -0.07295394 -0.079915892 0.18315795 -0.76693673 -0.58874863 -0.34123043
9 "SITTING" 0.2566248 -0.035374038 -0.13505382 -0.9277566 -0.90462551 -0.88734464
9 "SITTING" 0.29927163 -0.030737168 -0.13201157 -0.95502696 -0.91809444 -0.89757123
9 "SITTING" 0.27390768 -0.01385001 -0.1015642 -0.94470146 -0.91850525 -0.89757553
9 "SITTING" 0.2470322 -0.018727508 -0.090166279 -0.95353082 -0.92947524 -0.92603163
9 "SITTING" 0.19736477 -0.022468638 -0.088146826 -0.93383644 -0.79982356 -0.80956286
9 "SITTING" 0.29099603 -0.025246927 -0.1019087 -0.97862949 -0.88817395 -0.94222351
9 "SITTING" 0.28461038 -0.017208111 -0.10485314 -0.97140926 -0.91217877 -0.9296377
9 "SITTING" 0.27716626 -0.025708376 -0.10635736 -0.977402 -0.95670249 -0.94961961
9 "SITTING" 0.27829848 -0.010742043 -0.11219723 -0.99500847 -0.97854539 -0.97085338
9 "SITTING" 0.27792071 -0.011670313 -0.11046855 -0.99560031 -0.95882561 -0.96247036
9 "SITTING" 0.27739362 -0.019583914 -0.10383902 -0.98489321 -0.96245122 -0.94980991
9 "SITTING" 0.27816319 -0.017386956 -0.10379893 -0.98524724 -0.98027812 -0.95616567
9 "SITTING" 0.28148965 -0.0081467673 -0.065483286 -0.94519075 -0.91818784 -0.83919696
9 "SITTING" 0.28176224 -0.0043250776 -0.052241899 -0.93530949 -0.85766224 -0.76842387
9 "SITTING" 0.27804236 -0.0091856562 -0.11969241 -0.96380215 -0.86795982 -0.80022268
9 "SITTING" 0.27888651 -0.017720249 -0.12686225 -0.98371444 -0.93443702 -0.90337401
9 "SITTING" 0.28028109 -0.023555422 -0.086982555 -0.99340398 -0.97895511 -0.97546761
9 "LAYING" 0.33925793 -0.02615974 -0.1279793 -0.94423911 -0.94704796 -0.90734893
9 "LAYING" 0.28133331 -0.02496591 -0.10498833 -0.96752608 -0.94763646 -0.96531794
9 "LAYING" 0.27961772 -0.014162409 -0.10393079 -0.9710619 -0.95871783 -0.97326199
9 "LAYING" 0.2882513 -0.019009273 -0.11287131 -0.97034621 -0.95789737 -0.96019447
9 "LAYING" 0.29935795 -0.021811038 -0.11516415 -0.95731654 -0.9202062 -0.94245191
9 "LAYING" 0.24983908 -0.013123449 -0.10150857 -0.93939683 -0.91342446 -0.89548854
9 "LAYING" 0.20564028 -0.012136775 -0.10219495 -0.95263778 -0.92571908 -0.89787478
9 "LAYING" 0.24104873 -0.012675181 -0.10541467 -0.95779101 -0.91628202 -0.9223196
9 "LAYING" 0.28539083 -0.010814876 -0.10166667 -0.96850292 -0.92814827 -0.93201971
9 "LAYING" 0.29246732 -0.018646949 -0.11105556 -0.9796186 -0.9451239 -0.97083262
9 "LAYING" 0.27243467 -0.011182881 -0.10216556 -0.98554769 -0.94626602 -0.96822949
9 "LAYING" 0.3846767 -0.021509576 -0.14402032 -0.94054203 -0.94443272 -0.92748765
9 "LAYING" 0.28644831 -0.014319067 -0.1039875 -0.96266975 -0.95047429 -0.96655987
9 "LAYING" 0.27512144 -0.01554148 -0.10344198 -0.97968362 -0.95233433 -0.98284865
9 "LAYING" 0.3067897 -0.033199701 -0.12077504 -0.98598682 -0.96032234 -0.97094111
9 "LAYING" 0.25654019 -0.013108067 -0.11031587 -0.93681244 -0.86945342 -0.9212573
9 "LAYING" 0.17910207 0.032379388 -0.070068674 -0.93946314 -0.8708084 -0.92515624
9 "LAYING" 0.25972893 0.0033644719 -0.093101611 -0.93121378 -0.8420013 -0.92713231
9 "LAYING" 0.3108311 -0.024038853 -0.11586863 -0.96795467 -0.92702958 -0.96118602
9 "LAYING" 0.28298013 -0.010764187 -0.10303974 -0.95547083 -0.91213379 -0.93042065
9 "LAYING" 0.28915917 -0.016608005 -0.11028893 -0.95611099 -0.91107598 -0.92880521
9 "LAYING" 0.28480254 -0.021422748 -0.11427508 -0.98288813 -0.95171222 -0.97614434
9 "LAYING" 0.27151047 -0.01447835 -0.10299613 -0.97771187 -0.93965624 -0.97398845
9 "LAYING" 0.27925753 -0.0068731906 -0.099781898 -0.96500789 -0.93144964 -0.96939887
9 "LAYING" 0.32191391 -0.029134416 -0.1204133 -0.94396573 -0.86655408 -0.93062172
9 "LAYING" 0.31324192 -0.046158875 -0.122318 -0.94836814 -0.86926249 -0.92664754
9 "WALKING" 0.25039932 0.030045971 -0.12638898 -0.18120097 -0.22945461 -0.056663616
9 "WALKING" 0.30417525 -0.0096011047 -0.088270419 -0.17056021 -0.26195789 -0.05151324
9 "WALKING" 0.24075146 -0.021853578 -0.1606405 -0.14618926 -0.20715875 -0.050380526
9 "WALKING" 0.26651943 -0.038632969 -0.12759933 -0.10859078 -0.072971746 0.0030093301
9 "WALKING" 0.30640043 -0.013045168 -0.064767686 -0.18037086 -0.099780303 -0.0020854634
9 "WALKING" 0.28649128 0.0016422842 -0.075570721 -0.25458385 -0.1696819 -0.053933919
9 "WALKING" 0.24501185 -0.011450234 -0.13545781 -0.2157098 -0.13069876 -0.1440665
9 "WALKING" 0.30753556 -0.019581385 -0.15474556 -0.20425492 -0.10589482 -0.082314913
9 "WALKING" 0.2693514 -0.024254215 -0.10731318 -0.19088466 -0.10984695 0.11604829
9 "WALKING" 0.28546079 -0.025596366 -0.054349218 -0.13633969 -0.15933934 0.082275571
9 "WALKING" 0.24849182 -0.00055867285 -0.1184012 -0.16792529 -0.21281671 -0.0055479467
9 "WALKING" 0.24335703 -0.0063320701 -0.13561888 -0.17999539 -0.26410528 -0.041618599
9 "WALKING" 0.33053958 -0.028434636 -0.13539586 -0.20261384 -0.25923539 -0.11548934
9 "WALKING" 0.34438843 -0.020915319 -0.12529537 -0.2054872 -0.23597346 -0.024217826
9 "WALKING" 0.29569664 -0.032375364 -0.11267342 -0.1818442 -0.23001632 0.065270425
9 "WALKING" 0.27025554 -0.038044828 -0.070724744 -0.1743526 -0.32683111 0.023937139
9 "WALKING" 0.26917577 -0.024575288 -0.11712221 -0.18344602 -0.36909606 -0.094990304
9 "WALKING" 0.28272604 -0.024326567 -0.11091706 -0.18120673 -0.31767757 -0.122905
9 "WALKING" 0.30996924 -0.010554249 -0.12736726 -0.13547553 -0.20260461 -0.042868864
9 "WALKING" 0.22590698 -0.018603807 -0.084287177 -0.12222178 -0.24253617 -0.02944888
9 "WALKING" 0.30352057 -0.0047357446 -0.10569657 -0.14230228 -0.28045889 -0.029980336
9 "WALKING" 0.24491429 4.8173961e-05 -0.12832962 -0.14946625 -0.22432681 -0.049759365
9 "WALKING" 0.29234553 -0.0087530543 -0.12244358 -0.1642274 -0.19836772 0.016194162
9 "WALKING" 0.27462142 -0.0089743494 -0.14335687 -0.18609995 -0.27901642 0.016017024
9 "WALKING" 0.26097705 -0.012040857 -0.082773209 -0.15227227 -0.29155499 -0.0065306124
9 "WALKING" 0.35358051 -0.0033227776 -0.08875709 -0.1341106 -0.26331094 -0.019749532
9 "WALKING_DOWNSTAIRS" 0.38533814 -0.0055318416 -0.13276555 0.17980493 -0.35388347 0.11194446
9 "WALKING_DOWNSTAIRS" 0.32900663 -0.035684372 -0.1496451 0.21449041 -0.38387895 0.1322622
9 "WALKING_DOWNSTAIRS" 0.14146674 -0.044859438 -0.072571819 0.13900512 -0.22914622 0.1186
9 "WALKING_DOWNSTAIRS" 0.34072802 -0.0057923532 -0.067526305 0.26552462 -0.15110758 0.11482984
9 "WALKING_DOWNSTAIRS" 0.3761998 0.013777668 -0.13982094 0.19502203 -0.24976093 0.19481982
9 "WALKING_DOWNSTAIRS" 0.17462376 -0.023686933 -0.12785186 0.13386826 -0.21691703 0.26858708
9 "WALKING_DOWNSTAIRS" 0.34197761 -8.5945927e-05 -0.11730269 0.32318245 -0.12548458 0.2253591
9 "WALKING_DOWNSTAIRS" 0.37950054 -0.073392369 -0.098147006 0.28122021 -0.43355275 0.37999219
9 "WALKING_DOWNSTAIRS" 0.2967205 -0.041996224 -0.11439253 0.27421517 -0.36483559 0.2613946
9 "WALKING_DOWNSTAIRS" 0.18015059 -0.016905364 -0.19287465 0.29401162 -0.26606348 0.39335708
9 "WALKING_DOWNSTAIRS" 0.30884789 0.014926818 -0.088643378 0.32202703 -0.29697485 0.40596721
9 "WALKING_DOWNSTAIRS" 0.20413138 -0.017927107 0.020565566 0.19143263 -0.3300037 0.19366234
9 "WALKING_DOWNSTAIRS" 0.43921224 -0.035820782 -0.12510641 0.22610788 -0.39279458 0.23453385
9 "WALKING_DOWNSTAIRS" 0.32998193 -0.017727673 -0.13674598 0.26276625 -0.29302154 0.13001249
9 "WALKING_UPSTAIRS" 0.23532165 0.1110848 -0.15482663 -0.32314943 -0.19242383 -0.092360625
9 "WALKING_UPSTAIRS" 0.20371726 -0.020303332 -0.14118442 -0.31487646 -0.39682795 -0.12259925
9 "WALKING_UPSTAIRS" 0.26284629 -0.055336435 -0.11689936 -0.26740436 -0.2854211 -0.087235874
9 "WALKING_UPSTAIRS" 0.27582235 0.0014722134 -0.072655756 -0.23191807 -0.23452575 -0.025275067
9 "WALKING_UPSTAIRS" 0.258736 -0.016602169 -0.040697297 -0.2310435 -0.32989262 -0.051396806
9 "WALKING_UPSTAIRS" 0.26184945 -0.060782036 -0.20155891 -0.27921567 -0.29016697 -0.12108946
9 "WALKING_UPSTAIRS" 0.27094704 0.013937018 -0.2038467 -0.37247933 -0.33835806 -0.20845736
9 "WALKING_UPSTAIRS" 0.30938415 -0.029391843 -0.097838813 -0.35895404 -0.31869341 -0.22499981
9 "WALKING_UPSTAIRS" 0.11450563 0.10067151 -0.19362286 -0.2673863 -0.25649266 -0.1383277
9 "WALKING_UPSTAIRS" 0.17564039 -0.037076071 -0.081276601 -0.18174431 -0.47931131 -0.11735884
9 "WALKING_UPSTAIRS" 0.2999149 -0.047177834 -0.11662321 -0.23565963 -0.37291642 -0.03157997
9 "WALKING_UPSTAIRS" 0.21373692 -0.007768566 -0.13663331 -0.32907014 -0.35311278 -0.074232926
9 "WALKING_UPSTAIRS" 0.22278073 -0.027419441 -0.082737511 -0.31718521 -0.40793091 -0.13317666
9 "WALKING_UPSTAIRS" 0.37043267 -0.05049016 -0.14290996 -0.2321744 -0.34167042 -0.045062066
9 "WALKING_UPSTAIRS" 0.41153032 -3.7276851e-05 -0.11937384 -0.20546634 -0.38586449 -0.02558144
9 "WALKING_UPSTAIRS" 0.21338314 0.0095160756 -0.13296698 -0.20863922 -0.4835583 -0.019452575
9 "WALKING_UPSTAIRS" 0.18948124 -0.0094320591 -0.062515275 -0.24364092 -0.51235549 -0.083797974
9 "WALKING_UPSTAIRS" 0.32483554 -0.015624325 -0.095575758 -0.27324885 -0.26644007 -0.088234888
9 "WALKING_UPSTAIRS" 0.26179698 -0.012007123 -0.13451223 -0.3343028 -0.26773098 -0.14290139
9 "WALKING_UPSTAIRS" 0.23571343 -0.038080661 -0.094820179 -0.27993396 -0.41557651 -0.11816963
9 "WALKING_UPSTAIRS" 0.32206355 -0.04318304 -0.15758067 -0.21491984 -0.35966813 0.0025541034
9 "WALKING_UPSTAIRS" 0.31997802 0.0020163742 -0.15990506 -0.23148825 -0.39887848 0.011269202
9 "WALKING_UPSTAIRS" 0.28114428 -0.012604801 -0.078612997 -0.27315111 -0.47141384 -0.069607698
9 "WALKING_DOWNSTAIRS" 0.42038362 -0.068855182 -0.060991981 0.20494819 -0.38269331 0.14966654
9 "WALKING_DOWNSTAIRS" 0.38995098 -0.025774189 -0.14857607 0.22413883 -0.31191616 0.23034593
9 "WALKING_DOWNSTAIRS" 0.16764246 -0.031919525 -0.10629065 0.10906446 -0.25311325 0.28910129
9 "WALKING_DOWNSTAIRS" 0.39251918 -0.019620115 -0.10355548 0.22847405 -0.27439039 0.26286618
9 "WALKING_DOWNSTAIRS" 0.39960813 -0.0018109545 -0.18255358 0.24728701 -0.13070076 0.3751845
9 "WALKING_DOWNSTAIRS" 0.10024099 -0.030561538 -0.063009844 0.26718063 -0.15713769 0.48970267
9 "WALKING_DOWNSTAIRS" 0.29396836 -0.026153867 -0.022616178 0.39027882 -0.34021887 0.32125351
10 "STANDING" 0.29510434 0.0089573062 -0.017539904 -0.95643677 -0.75753894 -0.82753442
10 "STANDING" 0.27961678 -0.016550147 -0.12025482 -0.93663966 -0.73253574 -0.90457139
10 "STANDING" 0.27698005 -0.015782283 -0.13357434 -0.94789194 -0.80085635 -0.92628043
10 "STANDING" 0.28025154 -0.029437138 -0.13104553 -0.97705654 -0.9115598 -0.96344506
10 "STANDING" 0.27716063 -0.020861762 -0.11582579 -0.9866391 -0.91715812 -0.96936058
10 "STANDING" 0.27753135 -0.0052639224 -0.087587111 -0.9893459 -0.93404687 -0.97619633
10 "STANDING" 0.27839931 -0.0093517988 -0.096919423 -0.99333396 -0.96113456 -0.96746611
10 "STANDING" 0.28001981 -0.014473408 -0.11091276 -0.99367781 -0.97255366 -0.9877492
10 "STANDING" 0.27667475 -0.019377865 -0.11108833 -0.99246447 -0.962896 -0.98337947
10 "STANDING" 0.27398109 -0.028811062 -0.11362807 -0.99482008 -0.9692716 -0.98329711
10 "STANDING" 0.27573119 -0.026493692 -0.11020384 -0.98855854 -0.96822217 -0.98559055
10 "STANDING" 0.27561892 -0.017469228 -0.11103147 -0.98935638 -0.97367888 -0.9873769
10 "STANDING" 0.25444826 -0.036921783 -0.1659129 -0.8731548 -0.89539581 -0.87236858
10 "STANDING" 0.28065406 -0.027695828 -0.10972235 -0.99422028 -0.95871977 -0.99024034
10 "STANDING" 0.2752244 -0.02098002 -0.111247 -0.98970197 -0.96477259 -0.99328881
10 "STANDING" 0.27552605 -0.023365812 -0.1200707 -0.9846398 -0.95745417 -0.9880495
10 "STANDING" 0.276917 -0.013229244 -0.11306847 -0.98915864 -0.96255579 -0.98374256
10 "STANDING" 0.2746069 -0.017044877 -0.10519634 -0.9961022 -0.96419228 -0.99323505
10 "STANDING" 0.2751033 -0.025604078 -0.1077228 -0.99490618 -0.98023883 -0.99139121
10 "STANDING" 0.28062909 -0.016440568 -0.10834146 -0.99531656 -0.97822324 -0.99274743
10 "STANDING" 0.2772489 -0.018150796 -0.10642187 -0.99579051 -0.97775407 -0.99577804
10 "STANDING" 0.27929197 -0.019004718 -0.10827576 -0.98890858 -0.9689547 -0.9776179
10 "STANDING" 0.27908529 -0.014527239 -0.050380306 -0.96602636 -0.88808889 -0.87841157
10 "SITTING" 0.14319011 0.077229515 -0.072993051 -0.85758043 -0.067824308 -0.86186892
10 "SITTING" 0.30420262 -0.061501476 -0.11699509 -0.98352605 -0.79943991 -0.98039453
10 "SITTING" 0.27701205 -0.0066920435 -0.10362614 -0.99683864 -0.97820727 -0.98982852
10 "SITTING" 0.27530064 -0.016504415 -0.103744 -0.99789064 -0.98941657 -0.99622513
10 "SITTING" 0.27758644 -0.018654374 -0.1095686 -0.99803868 -0.99264507 -0.9951517
10 "SITTING" 0.27781849 -0.016002335 -0.11056184 -0.99772787 -0.99468463 -0.99068851
10 "SITTING" 0.27849569 -0.01852877 -0.10897613 -0.99671375 -0.99072627 -0.99134835
10 "SITTING" 0.27591997 -0.017476065 -0.10676857 -0.99671361 -0.98859707 -0.99629239
10 "SITTING" 0.27853273 -0.016891034 -0.10731219 -0.99756784 -0.99194819 -0.99725091
10 "SITTING" 0.27880166 -0.017873899 -0.10568703 -0.99651356 -0.99515614 -0.99412189
10 "SITTING" 0.27629421 -0.017947208 -0.10649828 -0.99609487 -0.99385864 -0.99147749
10 "SITTING" 0.27518179 -0.017433879 -0.10786188 -0.99657069 -0.99154659 -0.99184394
10 "SITTING" 0.11851475 0.1523003 -0.13411158 -0.87094157 -0.43087791 -0.85590379
10 "SITTING" 0.28685267 -0.022969097 -0.092802664 -0.94669896 -0.77871275 -0.97069679
10 "SITTING" 0.29136758 -0.025835907 -0.098165669 -0.97635669 -0.92000909 -0.98852194
10 "SITTING" 0.26363105 -0.0077021605 -0.10335738 -0.99693719 -0.99121444 -0.99090605
10 "SITTING" 0.27428659 -0.013897649 -0.1110198 -0.99727971 -0.98470049 -0.9950134
10 "SITTING" 0.2789072 -0.018954501 -0.10774766 -0.99707486 -0.98867619 -0.99603973
10 "SITTING" 0.27718075 -0.016217595 -0.10990863 -0.99666763 -0.98487602 -0.99643131
10 "SITTING" 0.27709863 -0.015086621 -0.11238218 -0.99728656 -0.98934168 -0.99278697
10 "SITTING" 0.27595835 -0.014793885 -0.11056086 -0.99710819 -0.99505756 -0.98993889
10 "SITTING" 0.27696654 -0.016500492 -0.10640912 -0.99686787 -0.98442493 -0.99106865
10 "SITTING" 0.2773964 -0.01614897 -0.10634705 -0.9969188 -0.98285172 -0.99119518
10 "SITTING" 0.27921296 -0.018079464 -0.10649731 -0.99523848 -0.98296728 -0.98052294
10 "LAYING" 0.67188749 -0.014350544 -0.15990356 -0.72327442 -0.71249379 -0.83204932
10 "LAYING" 0.28259275 -0.012507555 -0.11008368 -0.90001427 -0.95437376 -0.95904097
10 "LAYING" 0.25427198 -0.01674764 -0.11032485 -0.9706679 -0.98352152 -0.977223
10 "LAYING" 0.28568946 -0.016547679 -0.11169741 -0.99130263 -0.99382511 -0.98826081
10 "LAYING" 0.27745455 -0.017290036 -0.10755448 -0.99332 -0.99292502 -0.99218094
10 "LAYING" 0.27635033 -0.016931518 -0.10787462 -0.99237897 -0.99456662 -0.992385
10 "LAYING" 0.27577727 -0.016968301 -0.10413836 -0.99282619 -0.99670665 -0.99481304
10 "LAYING" 0.27762025 -0.017905423 -0.11163771 -0.99473475 -0.9959732 -0.99303253
10 "LAYING" 0.27321662 -0.017481753 -0.1127654 -0.99408262 -0.9953346 -0.99539677
10 "LAYING" 0.27635561 -0.016492129 -0.10889456 -0.99359586 -0.99804617 -0.99895457
10 "LAYING" 0.27438387 -0.016579267 -0.10714079 -0.99276327 -0.99520511 -0.99427082
10 "LAYING" 0.27485073 -0.017676967 -0.10500624 -0.99139948 -0.99473733 -0.99224539
10 "LAYING" 0.28159907 -0.016943396 -0.11124208 -0.9932195 -0.99519307 -0.99140516
10 "LAYING" 0.27399448 -0.015680152 -0.10982988 -0.99375617 -0.99456794 -0.98642661
10 "LAYING" 0.26692099 -0.01785611 -0.1027338 -0.99441296 -0.99181052 -0.9866181
10 "LAYING" 0.07654368 -0.3628841 -0.57618401 -0.61677655 -0.15209655 -0.15085569
10 "LAYING" 0.33294972 -0.071447245 -0.12362979 -0.91366796 -0.78452026 -0.85235852
10 "LAYING" 0.24428227 -0.018323566 -0.10213624 -0.98128603 -0.94101307 -0.94457379
10 "LAYING" 0.27051085 -0.011320588 -0.11137741 -0.98805662 -0.96122854 -0.95140721
10 "LAYING" 0.28146232 -0.0096429007 -0.10707218 -0.99743453 -0.94703016 -0.98066107
10 "LAYING" 0.28264319 0.0090473365 -0.09433627 -0.99732824 -0.93605656 -0.97766699
10 "LAYING" 0.27792362 -0.026783183 -0.11368151 -0.99696496 -0.86889014 -0.96346925
10 "LAYING" 0.27333634 -0.050414684 -0.12498645 -0.99588925 -0.92688535 -0.97844146
10 "LAYING" 0.27810979 -0.026193028 -0.11006059 -0.99541257 -0.94453996 -0.97579807
10 "LAYING" 0.28030833 -0.021917533 -0.1077496 -0.99730517 -0.98501477 -0.98245942
10 "LAYING" 0.27940635 -0.019888725 -0.10831314 -0.9973126 -0.98702849 -0.98781095
10 "LAYING" 0.28083685 -0.018221169 -0.11058539 -0.99738786 -0.99293672 -0.98479624
10 "LAYING" 0.2793566 -0.013234671 -0.10664532 -0.99623263 -0.97986997 -0.98811303
10 "LAYING" 0.27653064 -0.015712401 -0.10611083 -0.99706874 -0.97096278 -0.9904742
10 "LAYING" 0.2771078 -0.025143618 -0.11169574 -0.99873725 -0.98845665 -0.99070265
10 "LAYING" 0.2768767 -0.025864583 -0.11742826 -0.98959634 -0.93316407 -0.90182903
10 "WALKING" 0.18446909 -0.03659856 -0.083108213 -0.26596968 0.091588544 -0.42826116
10 "WALKING" 0.31825459 0.012001973 -0.064686206 -0.15096871 0.076602097 -0.38547663
10 "WALKING" 0.33611406 -0.0080507135 -0.101073 -0.1247097 0.095159429 -0.41354047
10 "WALKING" 0.20092099 -0.012354759 -0.13551713 -0.22134959 0.15106309 -0.37116033
10 "WALKING" 0.25387811 -0.001195452 -0.14677261 -0.26843758 0.12034561 -0.34660605
10 "WALKING" 0.32011355 -0.043218451 -0.11618882 -0.31042721 0.1597119 -0.37466939
10 "WALKING" 0.26430263 -0.050615541 -0.089742835 -0.26226011 0.1754726 -0.38612479
10 "WALKING" 0.20803871 0.0095105126 -0.080870254 -0.23451843 0.11291122 -0.34451506
10 "WALKING" 0.34347813 -0.0077612858 -0.073490794 -0.21842704 0.12949491 -0.30321257
10 "WALKING" 0.34773085 -0.03215679 -0.098822499 -0.15617419 0.043034088 -0.35767776
10 "WALKING" 0.22006126 -0.015904825 -0.12673077 -0.19827676 -0.032091207 -0.44617223
10 "WALKING" 0.24017201 -0.010125373 -0.13227579 -0.3242337 0.086649451 -0.44584327
10 "WALKING" 0.32605469 0.016412344 -0.12860583 -0.33534007 0.19441051 -0.4197205
10 "WALKING" 0.34246076 -0.041919428 -0.12290268 -0.33112338 0.23678086 -0.37824768
10 "WALKING" 0.19079141 -0.0078116399 -0.010446864 -0.34386332 0.040872343 -0.41188386
